word,similarity,rank,isHint
cornstalk,1,0,false
rootstalk,0.809320498068364,1,true
cornhusk,0.807362557554626,2,true
cornsilk,0.802415252091774,3,false
corncob,0.79111404471911,4,true
cornfield,0.778165823976003,5,true
leafstalk,0.76254017576337,6,true
corn,0.747342392643834,7,true
corncrib,0.73755010814072,8,true
broomcorn,0.734141230583196,9,true
maize,0.724723620696285,10,true
cornpone,0.724132607722154,11,true
beanstalk,0.722575989076613,12,true
cornmeal,0.721063905015928,13,true
straw,0.720918958269265,14,true
cornhusker,0.72075659520238,15,true
barleycorn,0.718380737063399,16,true
stovepipe,0.716824471950536,17,true
cornflower,0.716149330139165,18,true
corny,0.714118361473089,19,true
stalk,0.71406987728772,20,true
cornsmut,0.713582592393017,21,false
cornhusking,0.711850208750381,22,true
bluestem,0.709865731588945,23,true
silkgrass,0.706766289875884,24,false
husk,0.701958930258898,25,true
cattail,0.701173228095368,26,true
corm,0.701122444934992,27,true
hayseed,0.700717318229041,28,true
alpenstock,0.699136340515177,29,true
cornstarch,0.696127876062375,30,true
chaff,0.695533376665914,31,true
horsetail,0.695032083395968,32,true
haulm,0.690687138397279,33,true
coltsfoot,0.690429903217585,34,true
conker,0.690426629211107,35,true
stickweed,0.690226320664822,36,true
cornus,0.688836276531224,37,true
stalkless,0.687919456486745,38,true
cornice,0.686244489512845,39,true
strawworm,0.686073664320768,40,true
haystack,0.686066910282834,41,true
cordgrass,0.685884397380615,42,true
bulrush,0.684636552057483,43,true
standpipe,0.683033268632489,44,true
reedlike,0.682308397568273,45,true
cornbread,0.682006898285193,46,true
drumstick,0.681539895809871,47,true
broomstick,0.680768809410192,48,true
cane,0.680762351819487,49,true
shellbark,0.680490039689254,50,true
grainfield,0.679440836873106,51,true
wingstem,0.679419596229827,52,false
sugarcane,0.679345488548284,53,true
bagasse,0.679267923788306,54,true
smokestack,0.679095406586216,55,true
walkingstick,0.678955179297206,56,true
briarroot,0.678885183201454,57,true
chimneystack,0.678055167198186,58,false
kaoliang,0.677960951449825,59,true
cornflour,0.677808940410619,60,true
grassland,0.677358568670622,61,true
yardstick,0.6767083809798,62,true
wheatflake,0.676657974720006,63,false
grain,0.676179707900856,64,true
breadstick,0.675940317139706,65,false
strawboard,0.675223292450303,66,true
burlap,0.675112168497574,67,true
hoecake,0.674951156968016,68,true
deerstalker,0.6743992178916,69,true
stubble,0.674092730771629,70,true
roughage,0.674011350991373,71,true
reedmace,0.673661609073792,72,true
birchbark,0.673536560379148,73,true
wheatfield,0.673320234416744,74,true
cordwood,0.672834179098587,75,true
chopstick,0.672690153121953,76,true
reed,0.672679305076604,77,true
matchstick,0.672272919606074,78,true
broom,0.671131312847142,79,true
hemp,0.671123922269695,80,true
stick,0.670616705976932,81,true
stalagmite,0.670244018450024,82,true
canebrake,0.670137326129517,83,true
grass,0.670002461076224,84,true
sweetleaf,0.669888615032116,85,false
halm,0.669481754302983,86,true
conk,0.669214069843297,87,true
brushwood,0.66899279767232,88,true
pikestaff,0.668878555693369,89,true
shagbark,0.668649137020116,90,true
grasslike,0.66864713021237,91,true
malt,0.667961498024385,92,true
stave,0.667945464718888,93,true
zea,0.66792066906937,94,true
pigweed,0.667841513881604,95,true
silage,0.667790830336363,96,true
cocksfoot,0.667683800182795,97,true
gunstock,0.667665362536675,98,true
milkweed,0.667625308208224,99,true
sorghum,0.667535901147357,100,true
collard,0.667142848202161,101,true
bushel,0.6666297117781,102,true
cord,0.666194597851909,103,true
cottonseed,0.665742238583074,104,true
panpipe,0.665641267972144,105,true
stump,0.665585239599376,106,true
hayrick,0.66554721203166,107,true
woodpile,0.665132880210881,108,true
tallgrass,0.664890646616933,109,true
stalwart,0.664880871772771,110,true
witchgrass,0.664820631455156,111,true
steamboat,0.664720932874587,112,true
staple,0.664705038070683,113,true
mineshaft,0.664528270116388,114,true
foreshank,0.664416809407406,115,true
parsnip,0.66433968160513,116,true
ensile,0.664268414036538,117,true
sunflower,0.664160251169251,118,true
cornu,0.663884302146189,119,true
goldenrod,0.663874844543628,120,true
cronk,0.663066426698354,121,true
conduit,0.66296573369675,122,true
grubstake,0.662842690944676,123,true
cassava,0.662114381790166,124,true
cherrystone,0.662069875618789,125,true
furze,0.662036379454362,126,true
cellulose,0.662022531032567,127,true
psilophyte,0.661994298577659,128,true
bedstraw,0.66166609525681,129,true
hopsack,0.6616547699262,130,true
horseweed,0.661306262974841,131,true
meterstick,0.661253869049597,132,true
maulstick,0.660765746877537,133,true
calamus,0.660755833342334,134,true
hollyhock,0.660734096278861,135,true
drainpipe,0.66069861288676,136,true
copse,0.660641888418311,137,true
corneous,0.660614927970484,138,true
cornishman,0.660551945003984,139,false
canafistula,0.660492538301804,140,false
toothpick,0.660292426365164,141,true
arundinaceous,0.660107433795934,142,true
bullrush,0.659841079082717,143,true
starch,0.659594734931316,144,true
twiglike,0.659306982056347,145,true
pipewort,0.659204541969706,146,true
cowhouse,0.65918477287111,147,true
candlestick,0.659122744746373,148,true
ragweed,0.659119566731489,149,true
yardgrass,0.659111240373737,150,false
broomweed,0.658686062175877,151,false
skunkweed,0.658530592918401,152,true
popcorn,0.658325552940373,153,true
silkweed,0.658197481417356,154,true
cohosh,0.657973529462809,155,true
granulose,0.657882591612195,156,true
carrot,0.657866658353836,157,true
tailflower,0.657722750766442,158,false
millstone,0.657671172341248,159,true
crosswalk,0.657528877258305,160,true
shank,0.657401600921251,161,true
crossbeam,0.657301982802045,162,true
grindstone,0.657281000290036,163,true
ensilage,0.657275678406564,164,true
sickle,0.657264211366208,165,true
linstock,0.65714780432867,166,true
brickyard,0.657120147771845,167,true
barley,0.657074013774039,168,true
plantain,0.656982023356202,169,true
ropewalk,0.656978109894879,170,true
kingsnake,0.656960426893273,171,true
stinkweed,0.656893610080506,172,true
comstock,0.656888125578427,173,false
penstock,0.65672453303788,174,true
chafflike,0.656668266256565,175,false
darnel,0.656328119356189,176,true
stoneroot,0.656279422349797,177,false
cowslip,0.656203826892158,178,true
stork,0.656146842974048,179,true
crosstalk,0.65599038267194,180,true
shillelagh,0.655720153791915,181,true
brome,0.655604660511022,182,true
pieplant,0.655545592308049,183,true
reedbird,0.655484696895807,184,true
groundsel,0.655481535849754,185,true
bean,0.655265012697281,186,true
deerstalking,0.655221739722595,187,true
woodgrain,0.655089538682773,188,true
toadstool,0.655015804620952,189,true
kenaf,0.654949702012472,190,true
sprout,0.654768606736157,191,true
rainstorm,0.654505924733269,192,true
windsock,0.654483614173583,193,true
cellulosic,0.654330175598857,194,true
plank,0.654241681098943,195,true
ginseng,0.654202818870549,196,true
gristmill,0.654039878134713,197,true
musket,0.654036042815933,198,true
fingerstall,0.653939782435279,199,true
poplar,0.65393844823013,200,true
jackstraw,0.653921207551895,201,true
birdseed,0.653916299343114,202,true
stalker,0.653828522334793,203,true
coppice,0.653660613734795,204,true
silo,0.653529501802807,205,true
callus,0.653503196672275,206,true
barnstorm,0.653470000417839,207,true
honeysuckle,0.653439799156178,208,true
foxtail,0.653390923344549,209,true
hairlike,0.653337996800203,210,true
strawman,0.65328842401505,211,false
tamale,0.65327004511774,212,true
tussock,0.65326014954748,213,true
manhole,0.653249025344853,214,true
crampbark,0.653243580653882,215,true
conelike,0.653126556053943,216,false
phloem,0.653007665455799,217,true
whelk,0.652837595174466,218,true
dugout,0.652774428740716,219,true
bootlace,0.652737337677161,220,true
feedstock,0.652564722605315,221,true
thatch,0.652536768023583,222,true
crinkleroot,0.652530035225757,223,true
wheat,0.652505456135165,224,true
bromegrass,0.652439275529343,225,true
soybean,0.652342811925068,226,true
meadowgrass,0.652165234088902,227,false
crazyweed,0.652090009117434,228,true
windpipe,0.652066765910396,229,true
horsebean,0.65193142186165,230,true
frontstall,0.651492217272057,231,false
cobnut,0.651475924429408,232,true
strickle,0.651441097259526,233,true
bristlegrass,0.651351787351338,234,false
cantaloupe,0.651267567352509,235,true
gunnysack,0.651242947874777,236,true
cornet,0.651140174201727,237,true
stomp,0.6509862334124,238,true
stem,0.650974808720482,239,true
velvetleaf,0.650938114467982,240,false
artichoke,0.650880059547431,241,true
mattock,0.65083799240644,242,true
spear,0.650822816862716,243,true
mahlstick,0.650750693813092,244,true
backstair,0.650480684723978,245,true
johnnycake,0.650430363365387,246,true
briar,0.650429445556336,247,true
thumbstall,0.650386395981389,248,true
starchlike,0.650328198094858,249,true
canafistola,0.65026266880712,250,false
tailstock,0.650202947879189,251,true
goldenseal,0.650167664875538,252,true
stilt,0.65011856558766,253,true
pignut,0.650057116154262,254,true
sheaf,0.65005538761946,255,true
cornwallis,0.650027197596187,256,false
stimulant,0.649905583268082,257,true
strawflower,0.649835187177084,258,true
stalactite,0.649808368098247,259,true
helianthus,0.649766209763399,260,true
peanut,0.649650731661961,261,true
shortgrass,0.649611450673856,262,false
chickweed,0.64958437080197,263,true
jimsonweed,0.649576982881021,264,true
snowbank,0.64943257864908,265,true
pinecone,0.649355772252868,266,true
hayloft,0.649107775145316,267,true
whistlestop,0.649081903586615,268,false
coarse,0.649051985201132,269,true
cottonmouth,0.649020150011833,270,true
tanbark,0.648995956838382,271,true
loam,0.6489363103471,272,true
canna,0.648846507072453,273,true
gunshot,0.648841223189768,274,true
corkscrew,0.64875073533536,275,true
cornel,0.648737805931307,276,true
potato,0.648663996040583,277,true
oat,0.648614487134557,278,true
sawdust,0.648403248286064,279,true
fieldstone,0.648312942331752,280,true
headstock,0.648308731363525,281,true
columnar,0.648236674280582,282,true
chestnut,0.648171244398169,283,true
bramble,0.648125587236189,284,true
quarterstaff,0.64804575729643,285,true
stirk,0.647972142212906,286,true
bobolink,0.647961674448402,287,true
alfalfa,0.647850092861074,288,true
bast,0.647841411571671,289,true
cornaceae,0.647841013646277,290,false
hindshank,0.647819897662418,291,true
chimneysweep,0.647804295493201,292,false
plantar,0.647792437541035,293,true
henbane,0.647712251680369,294,true
coontie,0.647667565802788,295,true
galingale,0.647561017114963,296,true
bracken,0.647559681389314,297,true
cockleburr,0.647498786449437,298,false
stumpknocker,0.647490522415021,299,false
bark,0.647401452064519,300,true
cowlick,0.647328015684132,301,true
henhouse,0.647245484262167,302,true
cereal,0.647115209526731,303,true
bristle,0.647012314378492,304,true
chaffweed,0.646981177954183,305,false
bromus,0.646938183721197,306,false
cask,0.646902403420077,307,true
rootstock,0.646842576092866,308,true
corner,0.646834466313708,309,true
colicroot,0.646796464920048,310,true
chufa,0.646709045963951,311,true
shuck,0.646690922581067,312,true
manioc,0.646499512776689,313,true
grassfire,0.6464773994515,314,false
cambium,0.646468160730734,315,true
bedpost,0.646438852699758,316,true
cowhand,0.646406489182292,317,true
erianthus,0.646397688770158,318,false
secale,0.646364331245427,319,false
deerskin,0.646331608295445,320,true
sleepwalk,0.646322629074904,321,true
birdsong,0.646193721663579,322,true
bamboo,0.646180549036298,323,true
arundinaria,0.6461785609935,324,false
coattail,0.646111544271389,325,true
cigar,0.646046338621945,326,true
equisetum,0.646000085413464,327,true
carthorse,0.645999904751762,328,true
coralroot,0.645918288583655,329,true
glume,0.645880141608725,330,true
lignify,0.645853778967046,331,true
redshank,0.645837103328019,332,true
hornlike,0.64578910793132,333,true
chalkstone,0.645781282344856,334,true
chalk,0.645766373711773,335,true
wigwam,0.64573470252388,336,true
cockhorse,0.645592170428296,337,true
granary,0.645565229125646,338,true
groundnut,0.645553267829607,339,true
staircase,0.64545955387,340,true
caulophyllum,0.645407357538186,341,false
pinstripe,0.645380908501995,342,true
makeshift,0.645367799285156,343,true
nightshade,0.645346956890459,344,true
corylus,0.645300546008382,345,true
campestral,0.645239987685681,346,true
stitchwort,0.645055370933458,347,true
starchy,0.6450495854168,348,true
corduroy,0.644976037141804,349,true
hogweed,0.644974666234811,350,true
polenta,0.644962826070955,351,true
cookstove,0.644919970328807,352,true
marlinspike,0.644913056189601,353,true
sawhorse,0.644893803888191,354,true
antler,0.644859037109681,355,true
burgrass,0.644828140735631,356,false
celery,0.644826569844877,357,true
tassel,0.644796648311416,358,true
corrugate,0.644774411862953,359,true
frond,0.644752775371741,360,true
cockscomb,0.644732294505742,361,true
cubicle,0.644644456463391,362,true
cardboard,0.644617595947839,363,true
columnlike,0.644615688599092,364,false
cocklebur,0.644585311412816,365,true
sock,0.644444082842851,366,true
colander,0.644442754321427,367,true
blacksnake,0.644414082494338,368,true
cordite,0.644352159240723,369,true
ramrod,0.644309282302861,370,true
cushaw,0.644170441876081,371,true
barnstormer,0.644047735099292,372,true
windbreak,0.644002654791038,373,true
hardtack,0.643993650434892,374,true
bindweed,0.643907091384714,375,true
corkwood,0.643849257734579,376,true
beetleweed,0.643779077755159,377,false
greenback,0.643754247947796,378,true
cowskin,0.643713631851295,379,true
staggerbush,0.643692016601567,380,true
bitterweed,0.643633403994645,381,true
shamrock,0.643521781597457,382,true
honeyflower,0.643462057732713,383,false
papyrus,0.643388513912853,384,true
waterleaf,0.643377353270693,385,true
stickle,0.643252257719261,386,true
chlorophyte,0.643212114146264,387,false
wormseed,0.643136081975945,388,true
steer,0.64313229065346,389,true
cobweb,0.643112974537966,390,true
nutgrass,0.643098888674279,391,true
ditchmoss,0.643064418021705,392,false
sheepshank,0.643039260635204,393,true
streetwalker,0.643006341815751,394,true
elecampane,0.642973280396057,395,true
bedspring,0.642900643608032,396,true
dandelion,0.642896769305775,397,true
pipe,0.642893405909179,398,true
mainsail,0.642727947641604,399,true
grapevine,0.642687216365653,400,true
stoop,0.642676791985236,401,true
cauline,0.64265906810761,402,true
walnut,0.642557599696971,403,true
corneal,0.642532506140025,404,true
potshot,0.64250460900435,405,true
corneum,0.642501592636113,406,false
spreadhead,0.642447509911509,407,false
burdock,0.642392673635047,408,true
groat,0.642260249065206,409,true
handspike,0.642256400450693,410,true
shaft,0.642256076739326,411,true
porkpie,0.642200252878661,412,true
graminaceae,0.642197587621069,413,false
corncrake,0.642076232557073,414,true
crookneck,0.64207074673038,415,true
canecutter,0.642032346604337,416,false
seedling,0.641972818492224,417,true
bullshot,0.641893782728541,418,true
tobacco,0.641874308921274,419,true
marshland,0.641866049655326,420,true
charlock,0.641854682079238,421,true
caulk,0.641802349198006,422,true
nettle,0.641708550605943,423,true
arable,0.641688623528996,424,true
trumpet,0.641668298343916,425,true
corpse,0.641619801521306,426,true
windtalker,0.641604385280358,427,false
polearm,0.641589598845196,428,false
oak,0.641552920619177,429,true
kentuckian,0.641527137665333,430,false
ingrain,0.641428487471162,431,true
hawsepipe,0.641400866884233,432,true
mash,0.641378059674695,433,true
stokehole,0.641360602297757,434,true
breadroot,0.641349554061894,435,true
carnauba,0.641253509596201,436,true
metrestick,0.641238804085042,437,false
joist,0.641198232423893,438,true
beet,0.641188979148869,439,true
skylark,0.641180000234853,440,true
tailpipe,0.641115722756004,441,true
coriander,0.641016998351635,442,true
copperhead,0.640983157421608,443,true
staghead,0.640973963795542,444,false
conch,0.640876748614119,445,true
gunpowder,0.64084024916175,446,true
pipeclay,0.640790739106581,447,true
sawmill,0.640787882710966,448,true
signpost,0.640784559320023,449,true
chamomile,0.640755317166141,450,true
holcus,0.64066266781056,451,false
cormorant,0.640661592601824,452,true
honeysucker,0.640570878982548,453,true
snakeweed,0.640504798859082,454,true
ergot,0.64048712977537,455,true
coalhole,0.64048647412416,456,true
birdcall,0.640466408785153,457,true
mercantile,0.640417554403399,458,true
steppe,0.640385546707247,459,true
caustic,0.640292677949118,460,true
furrow,0.640187659274797,461,true
candyweed,0.640138301882344,462,false
skunk,0.640133535881868,463,true
rafter,0.640103893292414,464,true
breadstuff,0.640078306198125,465,true
turnip,0.640023841862887,466,true
pipeful,0.639994046688445,467,true
fanlike,0.639982514376726,468,true
petiole,0.6399344587287,469,true
cone,0.639931461815161,470,true
fern,0.639906916596159,471,true
warhorse,0.639902374750244,472,true
cardhouse,0.639842515019949,473,false
fanweed,0.639834046363835,474,false
stairhead,0.639830503423339,475,true
stairway,0.639826490842865,476,true
byre,0.639795303344731,477,true
colewort,0.639785983549714,478,true
riverbank,0.639782705294056,479,true
crutch,0.639771499620171,480,true
tarweed,0.639709429706267,481,true
handhold,0.639692482920809,482,true
peasant,0.639648957294368,483,true
sagebrush,0.639630951859413,484,true
grasshopper,0.639625287000133,485,true
anthill,0.63957770342561,486,true
barn,0.639476532842494,487,true
spinach,0.639451360620761,488,true
kelp,0.639413974320066,489,true
leatherleaf,0.63938796032452,490,true
bedroll,0.639374651871602,491,true
mast,0.639333286245662,492,true
hay,0.639313416399171,493,true
hayrack,0.639297122829639,494,true
stent,0.639279842376714,495,true
greenweed,0.639279446644826,496,true
sisal,0.639247631914561,497,true
hassock,0.639189817857137,498,true
nightstick,0.639163949439762,499,true
corridor,0.639136438524196,500,true
doorstop,0.639125385232294,501,true
puff,0.639096476977855,502,true
pigsty,0.639088311141034,503,true
throstle,0.639054152740043,504,true
moonshine,0.638866538798787,505,true
flagpole,0.6388496706813,506,true
trestle,0.638835902005894,507,true
okra,0.638800344538678,508,true
wheatgrass,0.638778605388321,509,true
shoelace,0.638763441781526,510,true
fodder,0.638751664087277,511,true
pecan,0.638729133530209,512,true
handlebar,0.638728304060918,513,true
cottonweed,0.638701376798872,514,true
grist,0.638697066229408,515,true
sheath,0.638676085393197,516,true
bayonet,0.638641810214789,517,true
burrow,0.638626055553681,518,true
tepee,0.638625464521331,519,true
cornucopia,0.638619699395878,520,true
billystick,0.638604283332829,521,false
cotton,0.638578674877971,522,true
shovel,0.638577697149906,523,true
corbel,0.638554072164606,524,true
trotline,0.638552603592212,525,true
maypole,0.638550660696596,526,true
stickup,0.638547420501714,527,true
cormose,0.638520100028522,528,false
barnacle,0.638469295319235,529,true
tomahawk,0.638469116505279,530,true
coralwort,0.638435163404654,531,true
mandioc,0.638417856504662,532,true
outhouse,0.638388574123387,533,true
spade,0.638356609540408,534,true
penstemon,0.638352784717751,535,true
comb,0.638348555318796,536,true
mussel,0.638317541875546,537,true
stokehold,0.638253293141537,538,true
calabash,0.638218376211737,539,true
tortilla,0.638164057348623,540,true
cowpoke,0.638148503082812,541,true
barrel,0.638147072571167,542,true
pumpernickel,0.638069128702451,543,true
breadcrumb,0.638000071048741,544,true
coosa,0.637990174113826,545,false
flypaper,0.637966031664498,546,true
fieldmouse,0.637965116015705,547,true
wickerwork,0.637938483007153,548,true
hominy,0.637920610346965,549,true
stake,0.637853660455565,550,true
fieldhand,0.637817694685577,551,false
footstep,0.637770305477344,552,true
countryfied,0.637732148170476,553,true
tubelike,0.637720384461904,554,true
gorse,0.63768610919805,555,true
raffia,0.637650918260501,556,true
airlock,0.63764742837235,557,true
hornwort,0.637638048844105,558,true
corinth,0.637615160657783,559,false
moonbeam,0.637581212808959,560,true
bearskin,0.637545666840941,561,true
comfrey,0.637510394679069,562,true
chickenfeed,0.637492787090785,563,false
dooryard,0.637473263589936,564,true
glowstick,0.637449183312011,565,true
coal,0.637426747738937,566,true
compost,0.637401036519097,567,true
twig,0.637384078658586,568,true
balsa,0.63738059997559,569,true
gearstick,0.6373760674038,570,false
draff,0.637312867481285,571,true
plonk,0.637299618881974,572,true
cordial,0.637294127376645,573,true
horsehair,0.637249150112222,574,true
hornbeam,0.637182964690949,575,true
shirttail,0.63707371729174,576,true
jute,0.637050633957897,577,true
baluster,0.637043242983266,578,true
rapeseed,0.637031549876611,579,true
underbrush,0.637012075487408,580,true
beefsteak,0.636994681537479,581,true
ponytail,0.636993343292478,582,true
madake,0.636988439380435,583,false
cowhide,0.636949238504402,584,true
mainstay,0.636936626616928,585,true
woad,0.636866921818303,586,true
pulpwood,0.636864922233537,587,true
monocot,0.636837617973997,588,true
sheepwalk,0.636826433946279,589,true
chalkboard,0.636820592690743,590,true
strawwoman,0.636778213785781,591,false
banjo,0.636742120371706,592,true
chopsteak,0.636733093066997,593,false
culvert,0.636720733251659,594,true
cornerstone,0.636706514751153,595,true
hoof,0.6366945018454,596,true
corinthian,0.636660001477013,597,false
pile,0.636650085449223,598,true
moonshiner,0.636649665532977,599,true
gumwood,0.636644282140988,600,true
earthworm,0.636642136373648,601,true
sackcloth,0.636613092624371,602,true
corral,0.636583003183132,603,true
haymaker,0.63656614044703,604,true
streetwalk,0.636564493179326,605,false
butterweed,0.636551713429647,606,true
onionskin,0.636538066657668,607,true
wormwood,0.636509770722945,608,true
cordyline,0.636468237077937,609,true
cork,0.636440553453003,610,true
claystone,0.636426882317887,611,true
nutsedge,0.636351948436775,612,true
tuft,0.63634333827158,613,true
chive,0.636340081691746,614,true
staplegun,0.636294104832061,615,false
stairwell,0.636206388473515,616,true
frostweed,0.636165616169478,617,false
cowboy,0.636137060082965,618,true
thoroughwort,0.636129379272465,619,true
bicorn,0.636094689369206,620,true
oast,0.636074402098323,621,true
beehive,0.636068783040725,622,true
pea,0.636056526177362,623,true
scorner,0.636045526279676,624,true
corbiestep,0.636042153245532,625,false
crosswise,0.63604100180161,626,true
silverbush,0.636032770881893,627,false
coneflower,0.636013307333787,628,true
nitweed,0.635969958545578,629,false
windmill,0.635919145443217,630,true
cankerweed,0.635918340926279,631,false
boiler,0.635847649821789,632,true
muckrake,0.635838546504889,633,true
crosspiece,0.63582296798503,634,true
centipede,0.635781621304396,635,true
honeycomb,0.635751984372627,636,true
knobkerrie,0.635737457021324,637,true
skunkbush,0.635678881826202,638,false
littleneck,0.635677115401878,639,true
sunchoke,0.635669291019444,640,true
gourd,0.63565325737,641,true
costmary,0.635638532248604,642,true
greenshank,0.635609632323478,643,true
melon,0.635593257213051,644,true
fiddlestick,0.635584636260929,645,true
wood,0.635579889611054,646,true
abaca,0.635573739214017,647,true
ramie,0.635547697544102,648,true
bone,0.635546440281829,649,true
cob,0.635531338579978,650,true
extensile,0.635506567553273,651,true
meadow,0.635495521753761,652,true
crawlspace,0.635478929934374,653,false
starflower,0.635411820685169,654,true
boneset,0.635372400283818,655,true
cantle,0.635368027410987,656,true
redstart,0.63536325903912,657,true
tamal,0.635281958298801,658,true
chanterelle,0.635271963650462,659,true
millrace,0.635266103462346,660,true
gravelweed,0.63526389528273,661,false
embank,0.635227040675526,662,true
crumpet,0.635223036666594,663,true
stammer,0.635157406330113,664,true
shinbone,0.635143540195026,665,true
dripstone,0.635134734817431,666,true
marigold,0.635072952197887,667,true
cave,0.635069922813168,668,true
broadleaf,0.635005728603092,669,true
sunspot,0.635000185370467,670,true
yardarm,0.634993970394139,671,true
starwort,0.63499394863808,672,true
corpuscle,0.634976961313306,673,true
midgrass,0.63492596149445,674,false
twistwood,0.634905799042505,675,false
soapwort,0.634881653480629,676,true
stifle,0.634746313095097,677,true
benweed,0.634730734511063,678,false
snakeroot,0.634726421204379,679,true
cucurbitaceous,0.63471253332049,680,true
erect,0.634657778421509,681,true
sack,0.634560064620979,682,true
potash,0.634527407018707,683,true
redskin,0.634520075647837,684,true
popgun,0.634482026100163,685,true
sawtooth,0.634417734478857,686,true
blowpipe,0.6343996306896,687,true
pearlweed,0.634395436572485,688,false
pillar,0.63434281144484,689,true
swallowwort,0.634316620318588,690,true
longicorn,0.634303702119768,691,true
leaf,0.634287031718981,692,true
yellowthroat,0.634262138771202,693,true
arundo,0.634250816784872,694,false
banana,0.634219900872696,695,true
scarecrow,0.63420070817479,696,true
seminal,0.634194211267735,697,true
steeplechaser,0.634189816520175,698,true
coruscate,0.634181461681051,699,true
cantilever,0.634167373180394,700,true
stockpile,0.634153065158701,701,true
cottontail,0.6341423523127,702,true
helm,0.634141445159917,703,true
clump,0.634119413249538,704,true
cholla,0.634104110843189,705,true
cormous,0.634050212261078,706,true
hillock,0.63399676287155,707,true
cornish,0.63398531585713,708,false
knuckle,0.633975944878115,709,true
hummock,0.633904896145777,710,true
urtica,0.633869089714832,711,true
engraft,0.633854326652378,712,true
plait,0.633821481553582,713,true
millwheel,0.633811922982202,714,true
diestock,0.633679164521522,715,true
greensick,0.633629617121484,716,true
pitchfork,0.63361844921387,717,true
coxcomb,0.633606477545938,718,true
radix,0.633584113975557,719,true
rampion,0.633570589636004,720,true
cankerworm,0.633533320812395,721,true
blackthorn,0.633533277126151,722,true
smilax,0.633531658913157,723,true
casern,0.63351067104873,724,true
jaywalk,0.633501491933982,725,true
richweed,0.633482274426425,726,true
carbonic,0.633455349033699,727,true
knotgrass,0.633453808221004,728,true
mangold,0.63344452580479,729,true
mahagua,0.6333960672257,730,false
hushpuppy,0.63339320620258,731,true
foxglove,0.633376202978132,732,true
stab,0.633316993713383,733,true
pasture,0.633314847946172,734,true
toadshade,0.633284807205205,735,false
baize,0.633264368784867,736,true
stoma,0.633222018662396,737,true
stint,0.633215992610943,738,true
herbage,0.633195450865009,739,true
seedtime,0.633183297501501,740,true
storksbill,0.63318225637094,741,true
bladelike,0.633175194263463,742,true
testicle,0.633150100708012,743,true
millet,0.633141197749449,744,true
briarwood,0.633131466321272,745,true
honkytonk,0.633117854595189,746,false
cellulosid,0.63311100006104,747,false
dogtrot,0.633098922187164,748,true
weed,0.633070901998389,749,true
leek,0.633054131219531,750,true
cellblock,0.633041300358851,751,true
saccharose,0.633029222488408,752,true
wartweed,0.633009113848754,753,true
coke,0.632999771773775,754,true
doorsill,0.632995618312639,755,true
sidetrack,0.63297828239333,756,true
brierwood,0.632972755013274,757,true
storehouse,0.632928945596752,758,true
breadbasket,0.632911381087725,759,true
sawbuck,0.632907924018019,760,true
stale,0.632903343516018,761,true
colza,0.632895783531163,762,true
feathertop,0.632870887647702,763,false
stomatal,0.632867452460598,764,true
parquet,0.632866338833134,765,true
corozo,0.632811703253491,766,true
ropemaker,0.632805899716127,767,false
nettlesome,0.63279838952999,768,true
birch,0.632781765891218,769,true
croak,0.632762250253164,770,true
haymow,0.632728733583018,771,true
carnal,0.63265799867952,772,true
suslik,0.632655501365666,773,true
stylite,0.632648618852767,774,true
germinate,0.632625015407809,775,true
brasslike,0.632613956928258,776,false
tapioca,0.632605427373427,777,true
tube,0.632581927334186,778,true
chloroplast,0.632580035790212,779,true
hawkmoth,0.632566700150589,780,true
pothead,0.63256072693116,781,true
prairie,0.632513409999623,782,true
rubberstamp,0.632477261571722,783,false
stair,0.63247080847796,784,true
yellowhammer,0.632464208153738,785,true
bivalve,0.632448055294041,786,true
quickstep,0.632440240964951,787,true
culm,0.632431582502315,788,true
puccoon,0.632428787205898,789,true
donkeywork,0.632418588688205,790,true
toastrack,0.632406827724591,791,false
brierpatch,0.632395901226754,792,false
kudzu,0.632367523280988,793,true
leatherneck,0.63235973698373,794,true
forelock,0.632359103245628,795,true
goosefoot,0.632303194082164,796,true
stonewort,0.632285664166718,797,true
weave,0.632255852222447,798,true
brickkiln,0.632238620323889,799,true
woodshed,0.632182450814836,800,true
mortar,0.632149821731508,801,true
orrisroot,0.63213738011496,802,true
basketmaker,0.632132047199974,803,false
buttonwood,0.63211571861348,804,true
sapling,0.632114448077349,805,true
chimney,0.632111430168156,806,true
tailwort,0.632098772054839,807,false
roost,0.632089756006623,808,true
pondweed,0.632085480218261,809,true
stinkhorn,0.63208218003299,810,true
quillwort,0.632061434520189,811,true
horsecloth,0.632039860730155,812,false
vole,0.632036755095955,813,true
bricklayer,0.632031177286979,814,true
cabbage,0.632023431779352,815,true
grassy,0.63198836231093,816,true
brownstone,0.631941459659261,817,true
conn,0.631928682327275,818,true
dropseed,0.631892866153829,819,false
catapult,0.631883853414749,820,true
tribesman,0.631872497089366,821,true
featherfoil,0.631870100459496,822,false
stolon,0.631844972348954,823,true
transplant,0.631813726913121,824,true
sprig,0.631800802183347,825,true
marlinespike,0.631764612688753,826,true
hashmark,0.631750382885361,827,true
liquidambar,0.631742254703314,828,true
moonstone,0.631682791214157,829,true
meristem,0.631665072937912,830,true
fruticulose,0.631664313773175,831,false
soapweed,0.631663294235066,832,false
torulose,0.631656464784426,833,true
wickiup,0.6316145595815,834,true
barnful,0.631605035375676,835,false
muckheap,0.631586194038396,836,true
starfish,0.631539859267466,837,true
cossack,0.631534651700813,838,true
birdnest,0.631534532491509,839,false
cultivator,0.631526702319391,840,true
catwalk,0.631445169448857,841,true
toilsome,0.631432614837143,842,true
straddle,0.631377019368234,843,true
buckeye,0.631336353341568,844,true
birdlime,0.631303489208226,845,true
pothouse,0.631262242794041,846,true
cauliflower,0.631212912129596,847,true
ploughboy,0.631182965443996,848,true
corolla,0.631157316634496,849,true
hickory,0.63115089814224,850,true
stablemate,0.631072972874787,851,true
detusk,0.631072577632002,852,false
cabana,0.631040541572762,853,true
peppercorn,0.631038160571618,854,true
pithead,0.631025822407208,855,true
stoat,0.630972363410734,856,true
horn,0.63095879554749,857,true
carbine,0.630958654341619,858,true
driftwood,0.630951818610891,859,true
oyster,0.630937061850018,860,true
hose,0.630931389824146,861,true
kale,0.630929507668586,862,true
campfire,0.630902647972111,863,true
ridgepole,0.63088087027555,864,true
handshake,0.630854079381857,865,true
broncobuster,0.630851717198309,866,true
pumpkinseed,0.630822476520164,867,true
coca,0.630809426307683,868,true
foliate,0.630793577886804,869,true
wheelhouse,0.63078995759548,870,true
cowpea,0.630755540498097,871,true
goalpost,0.630745686933142,872,true
gumweed,0.630709751759815,873,true
xylose,0.630671777169215,874,true
bristlelike,0.630671262741093,875,true
shelve,0.63063595477557,876,true
tollhouse,0.63062099400884,877,true
crackle,0.63061584599207,878,true
railhead,0.630570270453113,879,true
eleusine,0.630558409128095,880,false
shinleaf,0.630553841590886,881,true
panhandle,0.63052818634036,882,true
divot,0.630524039268498,883,true
calk,0.630456290813916,884,true
straightaway,0.630453370186496,885,true
carbonize,0.630405165577244,886,true
sharecropper,0.630388573454448,887,true
camomile,0.630374782748483,888,true
stink,0.6303661996781,889,true
gangplank,0.63036073808202,890,true
fencelike,0.630358554742251,891,true
marsh,0.630294002908112,892,true
talc,0.630293526070925,893,true
sandbur,0.630284246529721,894,true
crocus,0.630241544304267,895,true
torso,0.630234279050487,896,true
babytalk,0.630234040631894,897,false
blockhouse,0.630213856697087,898,true
stemmatic,0.630195156359095,899,true
clothesline,0.630173043033247,900,true
mound,0.630140693221262,901,true
croton,0.630135812171449,902,true
salsify,0.630101003056825,903,true
railbird,0.630097163041837,904,true
countryfolk,0.630068010675695,905,false
buttercup,0.630064405802752,906,true
cowherb,0.630052359116644,907,true
stockholder,0.630036592483525,908,true
toetoe,0.630036090319766,909,true
dynast,0.63002739131614,910,true
lignin,0.630009506644235,911,true
vein,0.629994950890852,912,true
sycamore,0.629966519476989,913,true
peony,0.629965528253868,914,true
medick,0.629964445526071,915,true
sieve,0.629919886589055,916,true
thorn,0.629891194694711,917,true
graybeard,0.6298361763114,918,true
lenticel,0.629803977620375,919,true
bran,0.629780844423872,920,true
aerophyte,0.629780323453031,921,true
swanflower,0.629774284613731,922,false
grok,0.629767985288621,923,true
mandioca,0.629736937864837,924,true
hemlock,0.629693545680855,925,true
deckle,0.629686139244677,926,true
earthnut,0.62965885246677,927,true
ploughshare,0.629652076301351,928,true
blueweed,0.629639060411234,929,true
heavenward,0.629635616584365,930,true
corrida,0.629595392274034,931,true
lumbermill,0.629562964024154,932,false
wallflower,0.629542739282312,933,true
meadowlark,0.629538890380164,934,true
callous,0.629503776596016,935,true
twine,0.629493706731864,936,true
wheatworm,0.629481986699341,937,true
breadline,0.629472770063447,938,true
earthen,0.629468754466624,939,true
plantal,0.629464720109809,940,false
bugler,0.629449040758386,941,true
cudweed,0.6294276714325,942,true
colt,0.629423185655709,943,true
celt,0.629414614684697,944,true
barrelful,0.629393994808201,945,true
birthroot,0.629389882087712,946,true
canoe,0.629385289196845,947,true
acorn,0.629383005463065,948,true
spitball,0.629359276141952,949,true
glasshouse,0.629339967569704,950,true
anise,0.629326638221142,951,true
silkworm,0.629316762604328,952,true
scrimshank,0.629296176903757,953,true
mugwort,0.62929090086873,954,true
plumule,0.629280999813199,955,true
pellet,0.629237783094185,956,true
stemmer,0.629234370222781,957,true
sandpile,0.629201374697613,958,true
algonkian,0.629188477993016,959,false
thicket,0.629169300695574,960,true
crowbar,0.629128537826039,961,true
hornstone,0.629091419523444,962,true
bluster,0.629073143005376,963,true
gourde,0.629055575019786,964,true
moonwalk,0.629050113502153,965,true
mill,0.62902740413114,966,true
chaffy,0.629018541784752,967,true
stepwise,0.629017138667133,968,true
bedstead,0.628935374554121,969,true
sorgo,0.628918998644174,970,true
downstroke,0.62888622283936,971,true
stub,0.628883443541332,972,true
hencoop,0.628881629903463,973,true
crossbar,0.628879697055749,974,true
spike,0.628873727984812,975,true
blowball,0.62886785447034,976,true
grassfinch,0.628840126326093,977,true
straight,0.628837399870885,978,true
malachite,0.628828980256855,979,true
vinegarweed,0.628814116575017,980,false
chimneysweeper,0.628810499431268,981,false
hedgerow,0.628795864007925,982,true
pokeweed,0.628791150044604,983,true
oatcake,0.628772314975171,984,true
stash,0.628743648529057,985,true
sticktight,0.628742650597411,986,true
sawpit,0.628739632889012,987,true
penknife,0.62873575858687,988,true
kerbstone,0.628697693347935,989,true
cascarilla,0.628661758542966,990,true
milldam,0.62864056996349,991,true
dogbane,0.628624376233612,992,true
dendrite,0.628614350722527,993,true
brookweed,0.628603979515573,994,true
samphire,0.62860027722122,995,true
doorway,0.628590084826356,996,true
quartervine,0.628590009892592,997,false
fiber,0.628584340642016,998,true
markweed,0.628583267758282,999,false
hailstone,0.628538049968366,1000,true
tradescant,0.628533877642983,1001,false
blackberry,0.628493033141323,1002,true
celandine,0.62845394097661,1003,true
casava,0.628452375942752,1004,true
pheasant,0.628423430229631,1005,true
bambusa,0.628406107425694,1006,false
sedgelike,0.628393467819107,1007,false
hatrack,0.628380298614506,1008,true
deadhead,0.628371156953047,1009,true
trunk,0.62836953232471,1010,true
ribgrass,0.628345608711247,1011,true
rod,0.628337395142372,1012,true
catalpa,0.628331397225171,1013,true
stabile,0.628312386769796,1014,true
cottonwood,0.628305397730754,1015,true
corneille,0.628279898804411,1016,false
corker,0.628273688061624,1017,true
needlewood,0.628263630167463,1018,false
burro,0.628251753553654,1019,true
bairn,0.628247387126583,1020,true
mustache,0.628222295112112,1021,true
teasel,0.628206156003118,1022,true
suckle,0.628193027700268,1023,true
wainscot,0.628186714568945,1024,true
ethanol,0.628180578730175,1025,true
curbstone,0.628160592451149,1026,true
canter,0.628140107171548,1027,true
lumberjack,0.628138520010623,1028,true
campstool,0.628118596785162,1029,true
brushlike,0.628107779283724,1030,true
hawkweed,0.628101461190248,1031,true
rooftree,0.628060236938028,1032,true
stirrup,0.628060139898071,1033,true
whipcord,0.628043942697754,1034,true
goldthread,0.628041483643144,1035,true
beak,0.628030535104621,1036,true
rushlight,0.628025136707725,1037,true
cellophane,0.628002875090161,1038,true
kansan,0.628002308130137,1039,false
lignum,0.627968103401213,1040,true
maze,0.627951260919982,1041,true
farinaceous,0.62792185018584,1042,true
horseradish,0.627909929254043,1043,true
ironshod,0.62790966033936,1044,false
steward,0.627899490124028,1045,true
sodbuster,0.62788764404581,1046,true
sharkskin,0.627872087232596,1047,true
cornell,0.627850867977791,1048,false
chafeweed,0.627850488168059,1049,false
dill,0.627817984922348,1050,true
lamppost,0.627796765666911,1051,true
rodlike,0.627794177006291,1052,true
amaranth,0.627789803680729,1053,true
juncus,0.627779640423039,1054,true
coolwart,0.627774156795393,1055,false
harvest,0.627746474570793,1056,true
barrelhouse,0.627745710149673,1057,true
hairstreak,0.627729557291902,1058,true
beeline,0.627725079980502,1059,true
cartilage,0.627720296382908,1060,true
dunnock,0.627718150615697,1061,true
shale,0.627694085561524,1062,true
backstop,0.627688475754413,1063,true
shack,0.627679303607858,1064,true
costusroot,0.627677358846508,1065,false
quartile,0.627638421795472,1066,true
marlingspike,0.627635874011272,1067,true
bough,0.627618261461942,1068,true
clambake,0.627598367476571,1069,true
lark,0.627577316553631,1070,true
tumbleweed,0.627544403076176,1071,true
paillasse,0.627474076603546,1072,true
teepee,0.627465419912116,1073,true
buckshot,0.627454333446206,1074,true
halophyte,0.627452887740904,1075,true
glasswort,0.627452194690709,1076,true
eyeball,0.627437129907266,1077,true
cantala,0.627432935374905,1078,true
oatmeal,0.627424359321599,1079,true
singlestick,0.627411328112414,1080,true
loblolly,0.627322942572346,1081,true
belowground,0.627297695931587,1082,true
baccy,0.627261136064103,1083,true
leatherlike,0.627233512300249,1084,true
tusk,0.627226621443424,1085,true
windowsill,0.627220623592251,1086,true
cibotium,0.627213452341177,1087,false
farmland,0.627210773659396,1088,true
bellwort,0.627203319550055,1089,true
canola,0.627202585602115,1090,true
bloodroot,0.627199091148323,1091,true
quirt,0.627198111724462,1092,true
longroot,0.627162166584194,1093,false
chute,0.627161085605626,1094,true
bluebonnet,0.627149820327763,1095,true
coalfield,0.627131179229162,1096,true
centavo,0.627101659774785,1097,true
mule,0.627055041859457,1098,true
plume,0.627042658261805,1099,true
rustle,0.627040185155881,1100,true
steelmaker,0.627038710183868,1101,true
steak,0.627029098691292,1102,true
schoolhouse,0.627018560265519,1103,true
sandlike,0.627014730425884,1104,true
barrack,0.627006605506731,1105,true
agave,0.626971878228897,1106,true
pennywhistle,0.626898922139343,1107,true
ricegrass,0.626871403474039,1108,false
creosote,0.626870408877183,1109,true
toe,0.626863416450925,1110,true
staddle,0.626852844186551,1111,true
sidewalk,0.626835681607467,1112,true
ragwort,0.62683196387672,1113,true
stead,0.626828014850621,1114,true
stumpy,0.626826487372737,1115,true
bentwood,0.626800593149715,1116,true
silverweed,0.626799933934201,1117,true
carancha,0.626798741841092,1118,false
starlike,0.626777768135075,1119,true
maltose,0.626776673005622,1120,true
conenose,0.626773126106327,1121,true
sackful,0.626769356745964,1122,true
slipstick,0.626753553539109,1123,false
toast,0.62674893459665,1124,true
splice,0.626741051673894,1125,true
longstanding,0.626726828412613,1126,false
granular,0.626700487545306,1127,true
chinkapin,0.626682885492718,1128,true
pony,0.62666837135961,1129,true
corvine,0.626648474926845,1130,true
stoneware,0.626615699525091,1131,true
lodgepole,0.626610316432138,1132,true
stapler,0.626589823940654,1133,true
wireworm,0.626573756524772,1134,true
loft,0.626566372718441,1135,true
elbow,0.626549218080822,1136,true
flagroot,0.626539148482035,1137,false
baffle,0.626524172632456,1138,true
shoofly,0.626517966570612,1139,true
whisker,0.626512583480411,1140,true
gauze,0.626510195704139,1141,true
fingertip,0.626505926430932,1142,true
earthtongue,0.626490987926186,1143,false
whitetail,0.626487665144385,1144,true
woodchuck,0.626438334755699,1145,true
steelworker,0.626432977531385,1146,true
cavern,0.62640587968758,1147,true
shanty,0.626399099826817,1148,true
corakan,0.626395061778434,1149,false
locust,0.626394309186597,1150,true
guava,0.626371551672941,1151,true
hardwood,0.626370855084326,1152,true
carob,0.626363706128181,1153,true
squawk,0.626346468925481,1154,true
cornetist,0.626338340421817,1155,true
topmast,0.626328781405542,1156,true
bluegrass,0.626326799392705,1157,true
stipulate,0.626322418766603,1158,true
weaver,0.626313321527242,1159,true
spud,0.6263122408018,1160,true
dustlike,0.626293085438435,1161,true
leadplant,0.626277342590969,1162,true
matchlock,0.626269653590876,1163,true
raisin,0.626269277298684,1164,true
saltbox,0.626244519091326,1165,true
horsepond,0.626243710517888,1166,true
spliff,0.626179382064434,1167,true
highball,0.626165285845433,1168,true
amylum,0.62613778581699,1169,true
bagpipe,0.6261375323616,1170,true
wheal,0.626133967495142,1171,true
shirtsleeve,0.626115396751809,1172,true
zizania,0.6261143461534,1173,true
beanball,0.626110278003805,1174,true
draught,0.626099106022636,1175,true
shawm,0.626088775759267,1176,true
buckskin,0.626086767860064,1177,true
horsewhip,0.62608450288336,1178,true
stogy,0.62607636296295,1179,true
consonant,0.626072175609108,1180,true
hornpipe,0.626070812472202,1181,true
mohawk,0.626067694372031,1182,true
gooseflesh,0.626039981842045,1183,true
bicornate,0.626036547062613,1184,true
agaric,0.626026228192595,1185,true
jointworm,0.626015082122693,1186,true
copper,0.626014552950002,1187,true
stove,0.625997461438029,1188,true
bilk,0.625988558052606,1189,true
banderilla,0.625976666691718,1190,true
storax,0.625975489616398,1191,true
buttonhole,0.625970676657042,1192,true
pronk,0.625969089625425,1193,true
hut,0.625966698161773,1194,true
stopgap,0.625956729168502,1195,true
staunch,0.625947356224064,1196,true
corvette,0.625913411596639,1197,true
andropogon,0.625901617163517,1198,false
foothold,0.625895865528553,1199,true
hosepipe,0.625884171654359,1200,true
mulish,0.62588347505134,1201,true
cannabin,0.625824093818669,1202,true
masonite,0.625822804819188,1203,true
bitterwood,0.6258155926576,1204,true
grove,0.625791273963981,1205,true
crumble,0.625787370047696,1206,true
muskmelon,0.625784792052794,1207,true
passel,0.62578317907202,1208,true
cannonball,0.625770293130271,1209,true
tailgate,0.625759206667004,1210,true
halberd,0.625748634338383,1211,true
monocotyledon,0.625745572194194,1212,true
bonelike,0.625738453274049,1213,false
flaxseed,0.625735595910024,1214,true
basketweaver,0.625727094753213,1215,true
coralberry,0.625704005444527,1216,true
crawdad,0.625692259664711,1217,true
comma,0.62568593025208,1218,true
silt,0.625680185894978,1219,true
brownshirt,0.625667951961292,1220,true
woodbine,0.625656776247641,1221,true
phlox,0.625649321998481,1222,true
molehill,0.625645648822773,1223,true
cabstand,0.625645220279698,1224,true
cannabis,0.625627156403109,1225,true
chimp,0.625627074484091,1226,true
hopple,0.625617809777809,1227,true
xylem,0.625605583190922,1228,true
foghorn,0.625604823303798,1229,true
spikemoss,0.625602413130461,1230,false
stencil,0.625580765341567,1231,true
jewelweed,0.625573575496678,1232,true
coriandrum,0.62556888904758,1233,false
redbird,0.625563792985165,1234,true
fireweed,0.625555276870732,1235,true
foal,0.625551611316593,1236,true
shelterbelt,0.625550948050572,1237,true
stinkpot,0.625534951686864,1238,true
strake,0.625519059567518,1239,true
goatsfoot,0.625501416593716,1240,false
firewood,0.625500854149537,1241,true
turnpike,0.625469364253842,1242,true
wart,0.625455006902831,1243,true
lancelike,0.625445615593177,1244,false
moonflower,0.625416390672278,1245,true
coonskin,0.625414464684496,1246,true
inchworm,0.625401672011764,1247,true
steamer,0.625385832121995,1248,true
firelock,0.625382721424107,1249,true
kimberlite,0.625372014917621,1250,true
hardinggrass,0.625363085473044,1251,true
germination,0.625354781789158,1252,true
coralwood,0.625340871573844,1253,false
shrub,0.625340335131945,1254,true
pot,0.625330820719102,1255,true
coreopsis,0.625309936757674,1256,true
rice,0.625272668914359,1257,true
hedge,0.625266984136937,1258,true
longshot,0.6252385117469,1259,false
prickle,0.625238455846219,1260,true
panicum,0.625234320787706,1261,true
roundhouse,0.625209756158066,1262,true
climber,0.625199768722023,1263,true
homespun,0.625192902970747,1264,true
vermiculate,0.625159673421326,1265,true
marshmallow,0.625157237052922,1266,true
rattlesnake,0.625155486175746,1267,true
ligule,0.625149548053746,1268,true
woodpecker,0.625135816641798,1269,true
conventicle,0.625103905809391,1270,true
mainmast,0.625096615412529,1271,true
thumbhole,0.625081859524149,1272,true
mushroom,0.625041142110961,1273,true
pigtail,0.625030778346621,1274,true
bunt,0.624991871416085,1275,true
cockade,0.624989792705817,1276,true
stumble,0.624969538298506,1277,true
rusk,0.624938022332377,1278,true
snorkel,0.624934472139745,1279,true
mulch,0.624902203667427,1280,true
tornado,0.624883547411388,1281,true
locomotive,0.624879479408269,1282,true
interlope,0.624820720366988,1283,true
conga,0.624817289401132,1284,true
donkey,0.624810449745141,1285,true
cornea,0.624806869723262,1286,true
fanwort,0.624760106177343,1287,true
corset,0.624742902800019,1288,true
comrade,0.624734081312066,1289,true
doorstopper,0.624728929194885,1290,false
blacktail,0.624723251884275,1291,true
courgette,0.624709084595333,1292,true
waffle,0.624704442935927,1293,true
forage,0.624703772419044,1294,true
krauthead,0.624696053546433,1295,false
horsefly,0.624682020329661,1296,true
oilstove,0.624666150629475,1297,false
streusel,0.624665655175786,1298,true
bellflower,0.624657996060042,1299,true
spermatophyte,0.624654270687955,1300,true
seaweed,0.624641928768446,1301,true
kanawha,0.624639607944466,1302,false
downfield,0.624618284336023,1303,true
flake,0.624595198719978,1304,true
hedgehop,0.624585233653482,1305,true
diaphyseal,0.624569617237482,1306,true
rye,0.624562695570313,1307,true
corchorus,0.624548550654818,1308,false
pithouse,0.624543979709623,1309,false
homefolk,0.624536689329448,1310,false
wisp,0.624529179143534,1311,true
pinesap,0.624520309126479,1312,true
canasta,0.624518476455312,1313,true
ramification,0.624511681526213,1314,true
strop,0.624499581784045,1315,true
crossjack,0.624491363642545,1316,true
crumb,0.624486759243817,1317,true
sidewall,0.624484360218053,1318,true
spindle,0.624474607439373,1319,true
corbina,0.624449796810696,1320,true
cordovan,0.624444894393367,1321,true
toehold,0.624434687163514,1322,true
hawk,0.624413363530642,1323,true
moccasin,0.624407246638208,1324,true
mudslide,0.624406184806481,1325,true
cockspur,0.624395296049697,1326,true
stonelike,0.624392032623295,1327,true
aroid,0.624385759307669,1328,true
stoup,0.62436163425446,1329,true
shortstop,0.624346993902515,1330,true
fornix,0.624346922946827,1331,true
seagrass,0.624345395616501,1332,false
evergreen,0.624332539617874,1333,true
spigot,0.624329577991579,1334,true
bottomland,0.624305687886147,1335,true
pepper,0.624298371332788,1336,true
sailcloth,0.624295409705825,1337,true
braid,0.624289594633017,1338,true
cornelian,0.624237291378492,1339,true
blowtube,0.624235048798925,1340,true
coracle,0.624227046966557,1341,true
astilbe,0.624224498775542,1342,true
hookah,0.624223135458054,1343,true
cleat,0.624214611994359,1344,true
brazilwood,0.624197371447584,1345,true
stipule,0.624185480128854,1346,true
foremast,0.624173559199189,1347,true
quilt,0.624171413431849,1348,true
topsail,0.624169193257748,1349,true
besom,0.624163225193408,1350,true
porthole,0.624154917744683,1351,true
muskwood,0.624152027121075,1352,false
gatepost,0.6241227388382,1353,true
solenoid,0.624115109443669,1354,true
hempen,0.624111626164858,1355,true
stanch,0.624109879029975,1356,true
kickstand,0.624104440212254,1357,true
alcea,0.62405712891306,1358,false
castor,0.62405362702695,1359,true
swordlike,0.624047450550936,1360,true
longhorn,0.624045446401292,1361,true
shellflower,0.624019742012028,1362,false
quicksand,0.624018393515454,1363,true
coronilla,0.624006539346351,1364,false
swamp,0.6240006685257,1365,true
kansa,0.623986467356628,1366,false
choke,0.623972412106909,1367,true
corvee,0.623969316482548,1368,true
garbanzo,0.623949698916025,1369,true
ponca,0.623934782977986,1370,false
radicle,0.623934719552803,1371,true
constellate,0.623931847576399,1372,true
pawpaw,0.623907323828995,1373,true
caskful,0.623903490537614,1374,false
feverroot,0.623884834282687,1375,true
pistachio,0.623869940773274,1376,true
pentail,0.623868897422421,1377,false
mudslinger,0.623867951401008,1378,true
rabbit,0.623865183341371,1379,true
birthwort,0.623863950236315,1380,true
rockweed,0.623862899772103,1381,true
linseed,0.623854830724577,1382,true
colonnade,0.623851142892183,1383,true
banister,0.623831882933603,1384,true
stanchion,0.623827147914307,1385,true
crankshaft,0.62382611987384,1386,true
withe,0.623782277107243,1387,true
sprigtail,0.623762227521077,1388,true
bloodleaf,0.623748637661258,1389,false
stalemate,0.623737551196669,1390,true
monstera,0.623723640885787,1391,true
heartseed,0.623715005891631,1392,true
mastic,0.623714580978701,1393,true
cube,0.62371059514818,1394,true
seam,0.623658887802165,1395,true
cress,0.623654398866654,1396,true
hoop,0.623641438377342,1397,true
shard,0.623606979846959,1398,true
telescopic,0.623602129435667,1399,true
clearweed,0.62359062188724,1400,true
pigwash,0.623587664090484,1401,true
bonemeal,0.62358625986659,1402,true
gnaw,0.623586095785267,1403,true
huckleberry,0.623577073046812,1404,true
festuca,0.62357635779099,1405,false
plantation,0.623573358974459,1406,true
manure,0.623569250106816,1407,true
corrosive,0.623554304069794,1408,true
poultice,0.62354826156168,1409,true
bryophyte,0.623535185703088,1410,true
wicker,0.623529277829581,1411,true
loofah,0.623526610346236,1412,true
chimneypot,0.623523704443641,1413,true
lumberyard,0.623514644536016,1414,true
unstaple,0.623507693232023,1415,false
marrow,0.623480330835652,1416,true
doorframe,0.623479060556722,1417,true
muck,0.623467959372281,1418,true
potsherd,0.623448528256926,1419,true
doeskin,0.623444355931543,1420,true
turnstile,0.623438212787839,1421,true
earnest,0.623423188548853,1422,true
denticle,0.623422645126434,1423,true
backbone,0.623399414026703,1424,true
cairn,0.623399414026703,1425,true
catfish,0.623373389244084,1426,true
greasewood,0.623372249014185,1427,true
oar,0.623348556557394,1428,true
plough,0.623342249295451,1429,true
dawn,0.623337305983146,1430,true
oaken,0.623329452871583,1431,true
rottenstone,0.623325787584447,1432,true
verdancy,0.623279012637081,1433,true
shelf,0.623261447840463,1434,true
rankle,0.62324089892764,1435,true
brickle,0.623217373661373,1436,true
cot,0.623209945537439,1437,true
grape,0.623204387617374,1438,true
ropewalker,0.623200949120607,1439,true
vaulter,0.623193777989971,1440,true
bushwhack,0.623188771199512,1441,true
cultivate,0.623173724478965,1442,true
nanotube,0.623171187828255,1443,true
cylindrical,0.623126581087897,1444,true
whisk,0.623110130203978,1445,true
yellowwood,0.623084068298344,1446,true
solidago,0.623079090852525,1447,true
cobblestone,0.62307546276304,1448,true
bangtail,0.623066879693681,1449,true
quackgrass,0.623052768061061,1450,false
drayhorse,0.623046554508601,1451,true
attic,0.623040362491755,1452,true
sedge,0.62304028135299,1453,true
clammyweed,0.623040072269454,1454,false
abelmosk,0.623037017764869,1455,true
spicebush,0.623031899567634,1456,true
stall,0.623027309069881,1457,true
earthstar,0.62300021922591,1458,true
bleat,0.622990332663645,1459,true
reinforce,0.622985817371955,1460,true
tradescantia,0.622960980799286,1461,true
coalwoman,0.622957788529538,1462,false
capote,0.622950695577232,1463,true
chunk,0.622930243364602,1464,true
overtop,0.622929308254914,1465,true
riverbed,0.622926190248274,1466,true
brier,0.622896007817271,1467,true
creeper,0.622877701357991,1468,true
hoofprint,0.622862100601201,1469,true
correlate,0.622856132302786,1470,true
spruce,0.622852671315499,1471,true
foodstuff,0.622840098650474,1472,true
ditch,0.622824560397029,1473,true
sunup,0.622823908665646,1474,true
quark,0.622815243509158,1475,true
cortland,0.622798800468449,1476,false
yucca,0.622789330121685,1477,true
heave,0.622789095625989,1478,true
lengthwise,0.622769906851042,1479,true
cola,0.622769080235427,1480,true
corer,0.622757814958236,1481,true
hailstorm,0.622732482985716,1482,true
sax,0.622683368761349,1483,true
yank,0.62267219626953,1484,true
scantling,0.622659601131655,1485,true
polysaccharide,0.62265761955634,1486,true
steeplechase,0.622651487028958,1487,true
barnyard,0.622604812641543,1488,true
hammock,0.622602097261328,1489,true
coon,0.622599005699162,1490,true
orchid,0.622559867944735,1491,true
rosebush,0.622557557973717,1492,true
sallow,0.622556306276102,1493,true
handful,0.622548214652816,1494,true
codetalker,0.62254609138323,1495,false
succulent,0.622534285716417,1496,true
cortical,0.622501719072929,1497,true
swineherd,0.622500448823087,1498,true
tenderfoot,0.622488029750369,1499,true
clam,0.622482620329711,1500,true
breakneck,0.622476693017187,1501,true
holdfast,0.622465248924367,1502,true
equid,0.62245091066058,1503,true
crevasse,0.622445378071871,1504,true
spout,0.62243792353581,1505,true
greenhouse,0.622417222169657,1506,true
whiffletree,0.62240975699512,1507,true
silverrod,0.622408747673039,1508,false
cental,0.622372590162014,1509,true
grackle,0.622361153993371,1510,true
tomatillo,0.62234073877335,1511,true
mandrake,0.622340395729589,1512,true
shelflike,0.62233884600864,1513,true
prolamine,0.622337475101647,1514,true
granule,0.622318282403741,1515,true
spathe,0.622281539456072,1516,true
autumnal,0.622271202667294,1517,true
gaucho,0.622265394532567,1518,true
cocuswood,0.622261047363286,1519,true
fusty,0.622249517179954,1520,true
combust,0.622238270444562,1521,true
biscuit,0.62215113639832,1522,true
peek,0.622140214188091,1523,true
chanter,0.622120820157489,1524,true
hobnail,0.622116945855809,1525,true
contrivance,0.622116647832603,1526,true
atole,0.622115264976231,1527,false
concuss,0.622112687418999,1528,true
stroma,0.622098873695499,1529,true
jock,0.622097097510282,1530,true
tinsel,0.622093192713237,1531,true
kelpwort,0.622089431036796,1532,false
phasmid,0.622079565772959,1533,true
vervain,0.622077557754153,1534,true
styrofoam,0.622059355807768,1535,true
weaverbird,0.622054398059849,1536,true
corundom,0.622042536735539,1537,false
zymase,0.622036576271062,1538,true
countenance,0.622028611777517,1539,true
doorpost,0.62199560534928,1540,true
porcupine,0.621990382671361,1541,true
woodlouse,0.621981970426198,1542,true
barm,0.621961318137577,1543,true
catclaw,0.621956072929149,1544,true
nimblewill,0.621953368186955,1545,false
joust,0.621952034351352,1546,true
chou,0.621936261653905,1547,true
constrictor,0.621932424422052,1548,true
microspore,0.621930338259361,1549,true
convoke,0.621922694330065,1550,true
plowshare,0.621898754322101,1551,true
colonist,0.621885075793871,1552,true
climb,0.621883556618284,1553,true
kraut,0.621873878128903,1554,true
comose,0.621869414298399,1555,true
ribwort,0.62186398375846,1556,true
hackle,0.621856346351665,1557,true
flounce,0.621849253398091,1558,true
canal,0.621847428193536,1559,true
schoolmarm,0.621845245361333,1560,true
froth,0.621825732101545,1561,true
hoarse,0.621824644695253,1562,true
botanic,0.621797498029247,1563,true
fantast,0.62176472998718,1564,true
rifleman,0.621763176251414,1565,true
duckweed,0.621752950810336,1566,true
strut,0.621746815547158,1567,true
mantelpiece,0.621731254716405,1568,true
sarsaparilla,0.621728434768729,1569,true
canthus,0.621715202536011,1570,true
waterskin,0.621710181236272,1571,false
crib,0.621699631214146,1572,true
spearhead,0.621694423061278,1573,true
farina,0.621677931101137,1574,true
sucrose,0.621666404853226,1575,true
schtik,0.621664881706242,1576,true
cakewalk,0.621655795224875,1577,true
trainload,0.621655392494761,1578,true
leglike,0.621631823680898,1579,true
fishtail,0.621629394389952,1580,true
cartload,0.621623380764757,1581,true
berm,0.62161081626512,1582,true
cupflower,0.621609576652749,1583,false
cortaderia,0.621609375285002,1584,false
mink,0.621606923437532,1585,true
osier,0.621595754813642,1586,true
redroot,0.621594250202183,1587,true
groundling,0.621581706640379,1588,true
wonk,0.62157813439239,1589,true
trestlework,0.621568478439361,1590,true
ashcan,0.621564443847339,1591,true
fusil,0.62156148213881,1592,true
crinkle,0.621554627603844,1593,true
axonal,0.62154465913773,1594,true
causeway,0.621540419138746,1595,true
crosse,0.621524296908132,1596,true
scaffold,0.621523476929873,1597,true
pastelike,0.621510419474605,1598,false
coalface,0.621499906495196,1599,true
brant,0.62147396398848,1600,true
footmark,0.621467806188335,1601,true
caltha,0.621449205495299,1602,true
equisetatae,0.621440797195629,1603,false
molasses,0.62142483123689,1604,true
ghillie,0.621418439065321,1605,true
posthole,0.621397624903424,1606,true
bullhorn,0.621395703082893,1607,true
bendable,0.6213920938139,1608,true
plantago,0.621372874501903,1609,false
coir,0.62137185717318,1610,true
burl,0.621338143508213,1611,true
ransack,0.621331628084031,1612,true
playfellow,0.62131199558258,1613,true
limelight,0.6212960215354,1614,true
selvage,0.621288529864884,1615,true
carbohydrate,0.621283150987814,1616,true
yashmak,0.62127835370096,1617,true
dayflower,0.621278271522746,1618,true
riffraff,0.621274269895213,1619,true
sowbane,0.621268377152893,1620,false
loom,0.621268003289228,1621,true
insoluble,0.62126472909223,1622,true
dipstick,0.621233559920405,1623,true
rudderstock,0.621226429939274,1624,true
knothole,0.621186531852874,1625,true
loosestrife,0.621167815993299,1626,true
bannock,0.621158480644231,1627,true
longwise,0.621153048483084,1628,true
rabbitwood,0.621144711971287,1629,false
waterweed,0.621130347251897,1630,true
hound,0.621126257114047,1631,true
popsicle,0.621114539803001,1632,true
quarter,0.621080040931706,1633,true
trample,0.621076281762983,1634,true
baguet,0.621067963774932,1635,true
bunce,0.621044232969789,1636,true
confine,0.621039904417987,1637,true
cockle,0.621027461474085,1638,true
camassia,0.621024281734439,1639,false
groundhog,0.621022440256027,1640,true
earflap,0.620997613965764,1641,true
mango,0.620993941067209,1642,true
gallina,0.620977736769781,1643,false
consequent,0.620976961909353,1644,true
manhandle,0.620961363997582,1645,true
klondike,0.620945601688771,1646,true
ensete,0.620943318206171,1647,false
baguette,0.620941567077468,1648,true
hazelnut,0.620916894838256,1649,true
tendon,0.62090942575178,1650,true
blackdamp,0.620903134346013,1651,true
pistil,0.620885822308931,1652,true
hobbyhorse,0.620877921581273,1653,true
crowfoot,0.620855055996484,1654,true
shtick,0.620851494124622,1655,true
rawhide,0.620843075463598,1656,true
musk,0.620832975581257,1657,true
tall,0.620825457198302,1658,true
bottlecap,0.620821319769552,1659,false
riser,0.620806313801189,1660,true
kaleidoscope,0.620797089480834,1661,true
doornail,0.620753839105825,1662,true
conical,0.620737433433537,1663,true
ironweed,0.620713092131204,1664,true
ream,0.620691322047045,1665,true
coruscant,0.620670801601063,1666,true
polliwog,0.620664701382571,1667,true
gallop,0.620663799087037,1668,true
ramus,0.620658031819708,1669,true
hordeum,0.620637059211735,1670,false
chlorophyllose,0.620622410848428,1671,false
pigswill,0.620611778607092,1672,true
shako,0.620608623678263,1673,true
commelina,0.620607935153975,1674,false
cowbarn,0.620586506233188,1675,false
comate,0.620574511323841,1676,true
bobwhite,0.620571374893193,1677,true
garlic,0.620566918917527,1678,true
camass,0.620562206027971,1679,true
cloveroot,0.620548996411115,1680,false
heed,0.62054773446634,1681,true
steeple,0.620539839912043,1682,true
backwoodsman,0.62052407754042,1683,true
stalwartness,0.620513521402278,1684,true
waistcloth,0.620496355265606,1685,true
alder,0.620494082032929,1686,true
watercourse,0.620490230351105,1687,true
sorrel,0.620456851748042,1688,true
underfoot,0.620425261284428,1689,true
ungulate,0.620408288313442,1690,true
pothook,0.620395175289246,1691,true
spadeful,0.620391002963366,1692,true
smirk,0.620380516682314,1693,true
loincloth,0.620366491101176,1694,true
heartleaf,0.620363268310319,1695,false
hazelwood,0.620360068147196,1696,false
scammonyroot,0.620358027241114,1697,false
mayweed,0.620340082100046,1698,true
moonseed,0.620333441436299,1699,true
camwood,0.620324626007631,1700,true
champaign,0.620315066632343,1701,true
coondog,0.620303951483739,1702,true
tubule,0.620300091522939,1703,true
spartina,0.620286941528325,1704,true
brickfield,0.620283044593517,1705,true
coral,0.620276212692265,1706,true
cusk,0.620261743099897,1707,true
stickleback,0.620258808135991,1708,true
sandstorm,0.620252477594391,1709,true
maplelike,0.620235874680981,1710,true
whitewood,0.620231147429152,1711,true
brattice,0.620229868943664,1712,true
zamia,0.620219267619806,1713,true
mearstone,0.620215498196165,1714,false
microwave,0.620213605178215,1715,true
bialystoker,0.620204210281377,1716,false
standoff,0.620194576967096,1717,true
cheek,0.620189319292465,1718,true
crowbait,0.620186232317325,1719,false
fingerling,0.620185099829141,1720,true
downward,0.620184696923775,1721,true
hop,0.62018010320963,1722,true
bodega,0.620177842389218,1723,true
stonefly,0.62017149749996,1724,true
briquette,0.620168677598599,1725,true
kolkhoznik,0.620163687438333,1726,true
eyespot,0.62014958978591,1727,true
spile,0.620145962220929,1728,true
greenhorn,0.620142038477246,1729,true
ballpark,0.62013633491234,1730,true
crossroad,0.620128012903215,1731,true
carbineer,0.620127468139526,1732,true
tailrace,0.620114414719208,1733,true
porkchop,0.62011142849259,1734,false
centrosema,0.620111190074025,1735,false
posthouse,0.620109613547589,1736,true
cubbyhole,0.620108246803288,1737,true
yonder,0.620086386214064,1738,true
tadpole,0.620085890896847,1739,true
oilcan,0.620083369021618,1740,true
maggot,0.620083305252091,1741,true
bunchgrass,0.620080113410954,1742,true
crone,0.620077307827232,1743,true
legume,0.620075308080009,1744,true
flax,0.620069980621342,1745,true
cesspool,0.6200650251028,1746,true
stack,0.620058275464672,1747,true
calcific,0.620055011520687,1748,true
breadboard,0.62003143072503,1749,true
sandglass,0.620025268797626,1750,true
toke,0.620004104972994,1751,true
wank,0.61999929964528,1752,true
flytrap,0.619986246225351,1753,true
horsehide,0.619970664981542,1754,true
lenape,0.61997052312074,1755,false
hightail,0.619960529790132,1756,true
cudgel,0.619953013655724,1757,true
sparkleberry,0.619948648217411,1758,false
cauda,0.619947457892373,1759,true
larkspur,0.619943491210371,1760,true
flute,0.619938428992489,1761,true
levee,0.619916132673527,1762,true
malto,0.619913600688372,1763,false
chaffer,0.619911606899942,1764,true
eavesdropper,0.619902468913942,1765,true
contrail,0.619902460551853,1766,true
velvetweed,0.619901217216327,1767,false
stockhorn,0.619894954546534,1768,true
kerosene,0.619887031310025,1769,true
nutlike,0.619880443775796,1770,true
roughneck,0.619858897916014,1771,true
constriction,0.619847445451609,1772,true
stool,0.619838274707692,1773,true
bur,0.619832864969886,1774,true
bandtail,0.619827537495507,1775,false
carabao,0.619824974495171,1776,true
sicklepod,0.619822594496995,1777,false
gallon,0.619795116751659,1778,true
agronomic,0.619779798355669,1779,true
carotid,0.619746516294053,1780,true
bunk,0.619746218270767,1781,true
interleaf,0.619743347167973,1782,true
kaolin,0.619739555136002,1783,true
haste,0.619738794549633,1784,true
ballistite,0.619738459587102,1785,true
ramify,0.61973183088263,1786,true
maple,0.619727703888372,1787,true
coachwhip,0.619716488139849,1788,true
milfoil,0.619712325887729,1789,true
seed,0.619695425033574,1790,true
keelson,0.619692931707221,1791,true
contrariwise,0.619686030168184,1792,true
bucktooth,0.619682505092919,1793,true
cedarbird,0.619673116090238,1794,true
rathole,0.619665353218406,1795,true
dendrocalamus,0.61964720487595,1796,false
cusp,0.619637154362381,1797,true
bract,0.619636352625759,1798,true
bedfellow,0.619626522064213,1799,true
turf,0.619626256767848,1800,true
caudal,0.6196234452949,1801,true
plastid,0.619616820766547,1802,true
weathercock,0.619612835668762,1803,true
cordierite,0.619597837972916,1804,true
milklike,0.619595720719781,1805,true
contuse,0.619594730114624,1806,true
fingermark,0.619558691978459,1807,true
stokesia,0.61955170398336,1808,true
bile,0.619541677764308,1809,true
whiplike,0.619535016292792,1810,true
colleague,0.619526001740397,1811,true
cordage,0.619523759441712,1812,true
stroke,0.619519389839137,1813,true
unicorn,0.619518711509551,1814,true
reef,0.619510019260963,1815,true
fernlike,0.619502186775212,1816,true
pickerelweed,0.619457653663932,1817,true
lumberman,0.619453535145117,1818,true
buckwheat,0.619452402657002,1819,true
clast,0.619440473284751,1820,true
hammerlock,0.619417190551762,1821,true
sponge,0.619415961538804,1822,true
bullethead,0.619415246283109,1823,false
bine,0.61940585721836,1824,true
redcoat,0.619403004646306,1825,true
cigarillo,0.619386426100689,1826,true
cocaine,0.619382991717218,1827,true
semicoke,0.619374468251999,1828,false
moss,0.619371093474097,1829,true
crease,0.619369722567185,1830,true
sowbread,0.619361951275104,1831,true
calumet,0.619342840870789,1832,true
conestoga,0.619342125615009,1833,false
saccharify,0.619325862011228,1834,true
onward,0.619306473566649,1835,true
groak,0.619290526445853,1836,false
nopal,0.619289645083638,1837,true
bearer,0.619258376845476,1838,true
sauk,0.619257674305734,1839,false
connive,0.619248207144279,1840,true
frumenty,0.619241847901565,1841,true
barkeep,0.619231783197426,1842,true
glucose,0.619228537609745,1843,true
giraffe,0.619217597292815,1844,true
downstream,0.619210830785782,1845,true
constrict,0.619198075389519,1846,true
pipa,0.619197442435913,1847,true
golfer,0.61919134430808,1848,true
talmbout,0.619189344692875,1849,false
griddlecake,0.61918488855272,1850,true
fistulate,0.61918428826098,1851,true
steed,0.619176543901954,1852,true
gale,0.61917199124956,1853,true
ed,0.61916453217404,1854,true
amaranthus,0.619163907716508,1855,false
asparagus,0.619150950807446,1856,true
supplejack,0.619146310141912,1857,true
mouthpiece,0.619131620448675,1858,true
horseman,0.619116659681499,1859,true
butterflower,0.61911217088176,1860,false
inkstand,0.619106646100281,1861,true
wrinkle,0.619086421673682,1862,true
shtikl,0.6190696585733,1863,false
sturdy,0.619044231516073,1864,true
saphead,0.619042379513655,1865,true
castanea,0.619036771001624,1866,false
carnality,0.619030035676363,1867,true
calloused,0.619026763091139,1868,true
steinbeck,0.619024716673818,1869,false
anastomose,0.619023355696106,1870,true
weeder,0.619018903795286,1871,true
carpinus,0.619015611351468,1872,false
uphill,0.619008339584372,1873,true
mustard,0.619006716072169,1874,true
canaanite,0.618978216526296,1875,false
cutlass,0.618963516888829,1876,true
blackbeetle,0.618953406810765,1877,false
yarrow,0.61891064329604,1878,true
stablewoman,0.618907167781254,1879,false
spline,0.618904407522477,1880,true
biodegradable,0.618892871207434,1881,true
soil,0.618891789781069,1882,true
jonquil,0.618861666714252,1883,true
beech,0.618861084837055,1884,true
forepart,0.618859350681309,1885,true
stearic,0.618855490548073,1886,true
loaf,0.618852208017276,1887,true
kapok,0.618839823076745,1888,true
smock,0.618834706967281,1889,true
leaflike,0.618824317315139,1890,true
dunce,0.618810686291857,1891,true
thistlelike,0.618807023408132,1892,false
nonsuch,0.61879948489663,1893,true
birdhouse,0.618786931037907,1894,true
obstruct,0.618777683754746,1895,true
earmark,0.618766821549346,1896,true
staid,0.618766307830815,1897,true
stylemark,0.618757270648652,1898,false
rubberlike,0.618749499320988,1899,true
bestubbled,0.618744777700401,1900,false
sweetbriar,0.618735812977812,1901,true
gangsaw,0.61872739157898,1902,false
whistle,0.618720866365486,1903,true
porridge,0.618700362366461,1904,true
lanceolate,0.618698023635277,1905,true
pilewort,0.618692599612925,1906,true
tree,0.618688322227498,1907,true
tillage,0.618687561515731,1908,true
balloon,0.618681779864154,1909,true
brink,0.618679716429677,1910,true
forestall,0.618678056080467,1911,true
ex,0.61867309602236,1912,true
toolhouse,0.618651120341096,1913,true
nast,0.61864068397042,1914,false
combustive,0.61863619089127,1915,true
creak,0.618635379157352,1916,true
squamulose,0.618619470267174,1917,true
paintbrush,0.618613573702212,1918,true
robinia,0.618609309196477,1919,true
digitaria,0.618602871894841,1920,false
combustible,0.618602216243748,1921,true
longtime,0.618599497163336,1922,true
cockchafer,0.618595719337468,1923,true
mainspring,0.618553730629941,1924,true
earthman,0.618549355527901,1925,true
stout,0.618544243660922,1926,true
creek,0.618525808610273,1927,true
peck,0.618525377248296,1928,true
saltwort,0.618524193763737,1929,true
durmast,0.618513711956699,1930,true
gunslinger,0.618513388102092,1931,true
whirligig,0.618509857299298,1932,true
bandage,0.618506454318387,1933,true
stiff,0.618505670846185,1934,true
lunge,0.618479155392707,1935,true
stroll,0.618465359669807,1936,true
canavalia,0.618454503002487,1937,false
costive,0.61845346579234,1938,true
earwig,0.618447207305012,1939,true
barroom,0.618446625378528,1940,true
woody,0.618417688891136,1941,true
lentil,0.618414251426284,1942,true
nasturtium,0.618396736287877,1943,true
townsfolk,0.61839023938121,1944,true
axe,0.618388488100587,1945,true
tickseed,0.618388286540799,1946,true
heel,0.61838022580029,1947,true
deskbound,0.618379757597493,1948,true
vaporific,0.618365260715077,1949,true
ustilago,0.618360124924185,1950,false
hedger,0.618358722631704,1951,true
winnow,0.618347878904451,1952,true
beam,0.618309846814248,1953,true
panocha,0.618305578029821,1954,true
drinker,0.618297389441263,1955,true
alkali,0.61829646716736,1956,true
corticoid,0.618283249037461,1957,true
marl,0.618275954517836,1958,true
rabbitweed,0.618270553247367,1959,false
stimulative,0.618264578684305,1960,true
paddlewheel,0.61826189647545,1961,false
marihuana,0.618243667221616,1962,true
carex,0.618236124515538,1963,true
roadside,0.6182261803026,1964,true
chophouse,0.618211195682162,1965,true
crock,0.61817669001401,1966,true
corkboard,0.618169789960928,1967,true
stomatous,0.618166538799784,1968,true
chainsaw,0.618166290630929,1969,true
rake,0.618166208267216,1970,true
baulk,0.618147217145738,1971,true
grandstand,0.618139611579678,1972,true
porous,0.618139239868409,1973,true
beggarweed,0.618137873300188,1974,true
bustle,0.618125750795096,1975,true
sift,0.618119441382928,1976,true
cactus,0.618108703864658,1977,true
cascabel,0.618102073669438,1978,true
finch,0.618100367897737,1979,true
onion,0.618095792418469,1980,true
girasol,0.618086397647862,1981,true
harpoon,0.618085072268853,1982,true
pant,0.618074215535774,1983,true
stoke,0.618059053189642,1984,true
toothwort,0.618046246883507,1985,true
flank,0.618026609840388,1986,true
qualm,0.618025981305491,1987,true
cylinder,0.618022643445583,1988,true
bolt,0.618021539095917,1989,true
elm,0.618019773724052,1990,true
moonshell,0.618017352701269,1991,false
shipworm,0.618015977444646,1992,true
tubular,0.618006238101825,1993,true
piecemeal,0.618002900242314,1994,true
cole,0.618000085771092,1995,true
carnalize,0.617999397635506,1996,true
redbud,0.617989292977327,1997,true
locusta,0.617982323585361,1998,true
clomp,0.617974951025838,1999,true
tooth,0.617973318929671,2000,true
kilt,0.617969013331475,2001,true
peach,0.617965391510498,2002,true
calla,0.61796343326569,2003,true
stickball,0.617947152485935,2004,true
centaury,0.617946289900176,2005,true
cordia,0.617938464265614,2006,false
handstamp,0.617923507853289,2007,true
finocchio,0.617914162998557,2008,true
antlered,0.617901884442465,2009,true
solver,0.617899977093946,2010,true
waterwheel,0.617879473097366,2011,true
woodsman,0.617878116242774,2012,true
cacomixle,0.617866240867014,2013,true
cramp,0.61785901997793,2014,true
shuttlecock,0.617847277861509,2015,true
cockloft,0.617827094663806,2016,true
bagel,0.617824490471884,2017,true
stonecrop,0.617823527118757,2018,true
elephantopus,0.617805160153221,2019,false
cogwheel,0.617804564106738,2020,true
strobilus,0.617803996146926,2021,true
stander,0.617791689502699,2022,true
muscadine,0.617773922946144,2023,true
hearth,0.617771565914158,2024,true
haricot,0.617769754992114,2025,true
avena,0.6177480177058,2026,false
forklift,0.617746114730839,2027,true
echinacea,0.617743542982975,2028,true
cheroot,0.61773796292996,2029,true
paspalum,0.617705083948678,2030,true
milkwagon,0.617693461042254,2031,false
brook,0.617687440972773,2032,true
selvedge,0.617675946035886,2033,true
basuco,0.617671168903779,2034,true
dogwood,0.617665703684006,2035,true
sprouter,0.617660247226949,2036,false
sugar,0.617642141440043,2037,true
verdigris,0.617641247370319,2038,true
lignite,0.617639688882758,2039,true
jiggermast,0.617632939533346,2040,true
chipmunk,0.617622696302978,2041,true
assagai,0.617620110511784,2042,true
cavalryman,0.617590285395998,2043,true
seedcake,0.617583550070737,2044,true
beanfeast,0.617580689047617,2045,true
cathouse,0.617575727845695,2046,true
sidesaddle,0.61757402210547,2047,true
arborescent,0.617566071893817,2048,true
squawroot,0.617562197592137,2049,true
endothelial,0.617554352575039,2050,true
stopple,0.617547796064896,2051,true
bloodwort,0.617544949054722,2052,true
vetchling,0.617524573053523,2053,true
armlike,0.617522157282959,2054,true
tarragon,0.617517792134426,2055,true
leatherwood,0.61750447750092,2056,true
thimbleweed,0.617497160136361,2057,true
cocoswood,0.617493923082405,2058,false
spiderwort,0.617492556571965,2059,true
foresail,0.617481433303281,2060,true
strangle,0.617480195610536,2061,true
spikelet,0.617479168326914,2062,true
newsboy,0.617473065853123,2063,true
tansy,0.61747132852161,2064,true
pone,0.617468081863647,2065,true
winesap,0.617459333983621,2066,true
dormouse,0.617451264554413,2067,true
steamroll,0.617449678030592,2068,true
stellite,0.617440558519398,2069,true
nugget,0.617433245548598,2070,true
abeam,0.617431782637142,2071,true
sweetbrier,0.617428431570503,2072,true
henroost,0.61742629901015,2073,false
kickapoo,0.617407276321325,2074,false
crenel,0.617401911902656,2075,true
silklike,0.617392255949051,2076,true
tramline,0.617386735521958,2077,true
soda,0.617372205979624,2078,true
cuckooflower,0.617368675313514,2079,true
dustpanful,0.617363586111496,2080,false
half,0.617362430816133,2081,true
throat,0.617359881806348,2082,true
starboard,0.617349157376414,2083,true
bourbon,0.617347213230612,2084,true
carbonate,0.617328919013079,2085,true
loofa,0.617325603961949,2086,true
stabroek,0.617304086685185,2087,false
quartzose,0.617294660322905,2088,true
telsontail,0.617290451203638,2089,false
stocker,0.617276333732833,2090,true
hoarfrost,0.617275238037114,2091,true
shove,0.617270974462269,2092,true
guttersnipe,0.61725386792514,2093,true
roadblock,0.617244234784408,2094,true
microsome,0.617239333226642,2095,true
conferva,0.617239191203021,2096,true
benniseed,0.617214010093944,2097,false
instillment,0.617204047274832,2098,true
kishke,0.617200434207921,2099,true
toolshed,0.617193982935687,2100,true
talker,0.617187344003488,2101,true
landsman,0.617152943271749,2102,true
stengel,0.617149981431661,2103,false
footstall,0.617148252896704,2104,true
sweetsop,0.617144474983555,2105,true
wheaten,0.617130123547914,2106,true
crotonbug,0.617126790792181,2107,true
raftman,0.617122196130632,2108,true
benne,0.617085154391988,2109,true
amylolytic,0.61707817621437,2110,true
silty,0.617069052267721,2111,true
spearpoint,0.617051959037785,2112,false
whitethroat,0.617049790444959,2113,true
grainy,0.617048061910157,2114,true
ballup,0.617038167538535,2115,true
mainsheet,0.61703531602973,2116,true
cocoon,0.617031858959405,2117,true
spork,0.617031574249272,2118,false
primrose,0.617027617515781,2119,true
spur,0.617023459140682,2120,true
matchweed,0.617017612812821,2121,false
crex,0.617014550148583,2122,false
eustoma,0.617013408781696,2123,false
sausage,0.617011125416559,2124,true
broccoli,0.617003954470394,2125,true
blaze,0.616999222874549,2126,true
fiddlehead,0.616994990944265,2127,true
upstroke,0.616983652114872,2128,true
rooster,0.616968668518584,2129,true
constable,0.616967467538711,2130,true
gawk,0.616965344601634,2131,true
farmhouse,0.616955262525789,2132,true
sheller,0.616954051437742,2133,true
grub,0.616953969001774,2134,true
basil,0.616953171310019,2135,true
flinthead,0.616934831464425,2136,true
waterspout,0.616934217031851,2137,true
hayrig,0.616933070604032,2138,false
racehorse,0.616912328188887,2139,true
basswood,0.616907798236154,2140,true
cocoyam,0.616907353720727,2141,true
eustachio,0.616898225309976,2142,false
oilpaper,0.616889536380772,2143,true
pulp,0.616879055445,2144,true
ligneous,0.616875327639302,2145,true
croquette,0.616856850198321,2146,true
needlelike,0.61685639117473,2147,true
ruscus,0.61685444317513,2148,true
airwave,0.616852677872938,2149,true
palmetto,0.616848551222778,2150,true
sandspur,0.616839624454954,2151,true
jounce,0.616836987922381,2152,true
ponka,0.616834878921513,2153,false
soymilk,0.616828918457036,2154,true
blackcock,0.616821160940141,2155,true
bollworm,0.616810358572625,2156,true
frostbite,0.61679825437043,2157,true
peep,0.616798199224366,2158,true
beetle,0.616796204971478,2159,true
stemless,0.616770216804135,2160,true
platte,0.616756402447448,2161,false
beaker,0.616754985854328,2162,true
bounce,0.616745948791508,2163,true
fieldsman,0.616739965482949,2164,true
postern,0.616739534333982,2165,true
planter,0.61673875054583,2166,true
blade,0.616735871142376,2167,true
icicle,0.616721465196784,2168,true
katydid,0.616720429072458,2169,true
angleworm,0.61671320299585,2170,true
circaea,0.6167121986494,2171,false
formic,0.616711996989737,2172,true
cilantro,0.616699970763921,2173,true
coarsen,0.61668929655811,2174,true
bosk,0.616678595542912,2175,true
tricorne,0.616670168439757,2176,true
reefer,0.616668843229492,2177,true
supersonic,0.616668054461258,2178,true
rumple,0.61666097541685,2179,true
straightedge,0.616659357149524,2180,true
coyote,0.616655900079715,2181,true
liverwort,0.616655216615788,2182,true
rasta,0.616653561592106,2183,true
thistle,0.616652204591299,2184,true
nuthouse,0.616616579386082,2185,true
stealer,0.616608454776818,2186,true
parch,0.616606675588697,2187,true
shake,0.616605474544224,2188,true
yolk,0.616594287245615,2189,true
bushwhacker,0.616592324769041,2190,true
styx,0.616589872024033,2191,false
southernwood,0.616585818907222,2192,true
sarape,0.616584264243597,2193,true
seashell,0.61658190785323,2194,true
grapeshot,0.61657854219804,2195,true
pulque,0.616566300392155,2196,true
wineskin,0.616552756243633,2197,true
convolvulus,0.616550266742711,2198,true
conifer,0.616545722896388,2199,true
endive,0.616543687376005,2200,true
storm,0.616543604915572,2201,true
creosol,0.616543201576047,2202,true
parchment,0.616510207937081,2203,true
monocotyledonous,0.616502335638227,2204,false
vermiculite,0.616494990378321,2205,true
nonstop,0.616482909007333,2206,true
pine,0.61648007533074,2207,true
steep,0.616458480494771,2208,true
tower,0.616457755844989,2209,true
vertical,0.616457632146651,2210,true
stanchly,0.616448416286518,2211,true
peasecod,0.616442432959516,2212,true
sluice,0.616438462309654,2213,true
wartwort,0.616436674170098,2214,true
toiler,0.616433583710586,2215,true
borscht,0.616432763125466,2216,true
cannulate,0.61643063123774,2217,true
honeylike,0.616425706914152,2218,false
buckboard,0.616424092693816,2219,true
wetland,0.616419287982477,2220,true
cloverleaf,0.616410933946921,2221,true
hyoscyamus,0.616388435636917,2222,true
headstay,0.616366542361174,2223,true
buckbean,0.616363621733406,2224,true
centile,0.616361819722554,2225,true
trailblazer,0.61635287902637,2226,true
helical,0.6163501739502,2227,true
jolt,0.616340935230259,2228,true
wandflower,0.616338431835179,2229,false
handle,0.616336130122187,2230,true
remnant,0.616331705510935,2231,true
vine,0.616323145676128,2232,true
miller,0.616322233238486,2233,true
succotash,0.616312540549788,2234,true
sunburst,0.616307726438236,2235,true
maltster,0.616295195597125,2236,true
contend,0.616290716240581,2237,true
alkaline,0.616286882826079,2238,true
humulus,0.616282710849615,2239,false
launce,0.616272999796033,2240,true
cynodon,0.616272358005613,2241,false
commonsensical,0.616258823241219,2242,true
rabbiteye,0.616254146360232,2243,false
burr,0.616252468079052,2244,true
moleskin,0.616244756207192,2245,true
saltpeter,0.616230047716502,2246,true
stainable,0.61622729688342,2247,true
cobra,0.616226049695321,2248,true
cain,0.6162256459921,2249,true
horseflesh,0.616224999686331,2250,true
backfield,0.616219511548194,2251,true
grosbeak,0.616200199639834,2252,true
windowpane,0.616193936638405,2253,true
blackshirt,0.616193528431076,2254,false
piste,0.616189443100138,2255,true
chirp,0.616177522171893,2256,true
trillium,0.616172634591313,2257,true
girder,0.616159196152615,2258,true
bladderwort,0.61615785264029,2259,true
boot,0.616150828622405,2260,true
empale,0.616145349511228,2261,true
yellowbird,0.616135574348902,2262,true
tonguelike,0.616134937060023,2263,true
pike,0.616133181126881,2264,true
ammonia,0.616117051145504,2265,true
bulb,0.616115042948883,2266,true
polypore,0.616102337837224,2267,true
sprinkle,0.616093598837052,2268,true
granulate,0.616086010958566,2269,true
rotational,0.616081201071677,2270,true
snail,0.616073108677454,2271,true
comber,0.616072631840268,2272,true
pineweed,0.616066121097448,2273,false
chuckhole,0.616065048213906,2274,true
dirt,0.616064511772135,2275,true
lever,0.616060963164741,2276,true
knifelike,0.616060206402531,2277,true
resile,0.616060041424043,2278,true
thighbone,0.616046465399652,2279,true
plowwoman,0.61604624986649,2280,false
aardvark,0.616045007476662,2281,true
snapdragon,0.616043457755574,2282,true
chouse,0.616035452372216,2283,true
shtik,0.616027556894577,2284,true
whitethorn,0.616020267015785,2285,true
wilt,0.616015145299138,2286,true
ginger,0.616013765335087,2287,true
canker,0.616013095854169,2288,true
duct,0.616006016731267,2289,true
oilseed,0.615998955964887,2290,true
corporal,0.615998075723139,2291,true
carcass,0.615988548039366,2292,true
arrowroot,0.615969859601873,2293,true
mountie,0.61596661806107,2294,false
sailboat,0.615948347079364,2295,true
ejaculate,0.615938745979155,2296,true
cowtown,0.615935788852642,2297,false
muskhogean,0.615934051032905,2298,false
skulk,0.615931543101601,2299,true
workingman,0.615917293052032,2300,true
silphium,0.61591433096955,2301,true
bolete,0.615909434313145,2302,true
largemouth,0.615899434548516,2303,true
stinger,0.615896522998814,2304,true
verdant,0.615893088823979,2305,true
hogwash,0.615892850405414,2306,true
strobile,0.61588342379134,2307,true
eyehole,0.615880168430816,2308,true
straightarrow,0.615875519268247,2309,false
brainstem,0.615872002593995,2310,true
chlorophyll,0.615867101200406,2311,true
fantail,0.615865551479734,2312,true
raft,0.61585708762068,2313,true
bucksaw,0.615853240940555,2314,true
stob,0.615836785335941,2315,true
stieglitz,0.615830338944814,2316,false
interstice,0.615828725074042,2317,true
racoon,0.615826166619431,2318,true
torsk,0.615814328193669,2319,true
ankus,0.615770087746389,2320,true
foxhole,0.615763627543243,2321,true
veinlike,0.615759423212903,2322,true
weathervane,0.615756773009502,2323,false
stubbly,0.615746571510622,2324,true
heirloom,0.615743412464072,2325,true
cookhouse,0.615742619253035,2326,true
vegetal,0.615734182850479,2327,true
confederate,0.615730276536396,2328,true
cucurbit,0.615722931368527,2329,true
cowherd,0.615719235880331,2330,true
shimmer,0.615699878162125,2331,true
mantis,0.615693009835066,2332,true
wintergreen,0.615689928742343,2333,true
antennal,0.615689607694282,2334,true
lubber,0.61567964460376,2335,true
spermatic,0.615675678672019,2336,true
shiitake,0.615674229811763,2337,true
bead,0.61567166225235,2338,true
forestay,0.615670869043355,2339,true
feather,0.615660011768345,2340,true
eggshell,0.615659557839668,2341,true
shallot,0.615658993928939,2342,true
spanker,0.61565872804135,2343,true
sideburn,0.615656710604234,2344,false
llama,0.615656366763658,2345,true
gumshoe,0.615627912432654,2346,true
carload,0.615616908481761,2347,true
billow,0.615607435906598,2348,true
erstwhile,0.615589522386232,2349,true
steenbok,0.615585973665591,2350,true
quahog,0.615569912459269,2351,true
brooklime,0.615544364983533,2352,true
pump,0.615536089140423,2353,true
raphia,0.615520156354915,2354,true
cucumber,0.615518890886383,2355,true
groundball,0.615516515898186,2356,false
silica,0.615516066602159,2357,true
salicornia,0.615515507192345,2358,true
hyperboloid,0.615500257551657,2359,true
centerboard,0.615498909563048,2360,true
someplace,0.615487612216927,2361,true
jook,0.615485145507472,2362,true
lime,0.615469134775946,2363,true
potluck,0.6154651275,2364,true
fumeroot,0.615450359311722,2365,false
puffball,0.615434371505129,2366,true
eucalyptus,0.615417388777115,2367,true
rusticate,0.615415811538701,2368,true
pawn,0.615414954150616,2369,true
beadle,0.615401529347815,2370,true
firedamp,0.615396893942172,2371,true
raftsman,0.615389516721283,2372,true
minnow,0.615380406379704,2373,true
souslik,0.61537558757506,2374,true
birdwatch,0.61536761430696,2375,true
gulp,0.615361048622256,2376,true
ventail,0.615348705871136,2377,true
poove,0.615338325500493,2378,true
american,0.615326179900906,2379,false
gristly,0.615320169012546,2380,true
riblike,0.615310430526738,2381,true
porch,0.615306194004971,2382,true
pigskin,0.615304350852971,2383,true
roadbed,0.615299665015966,2384,true
mortify,0.615288399738775,2385,true
pail,0.615278257760794,2386,true
balk,0.61527623120263,2387,true
swizzle,0.615275158318896,2388,true
trot,0.615252687365137,2389,true
anthracite,0.615235828445216,2390,true
jellyroll,0.615215631606524,2391,true
corse,0.615213210750808,2392,true
undersoil,0.615210092974312,2393,true
poke,0.615209854555719,2394,true
distaff,0.615206333280554,2395,true
dovetail,0.615200794649173,2396,true
wharf,0.615197071695879,2397,true
trough,0.615193000172318,2398,true
bunch,0.615189634848269,2399,true
fireroom,0.615188763715194,2400,true
speckle,0.615185774277794,2401,true
chantarelle,0.615179694603665,2402,true
smoothbark,0.615177163748084,2403,false
calyx,0.615175641487578,2404,true
ash,0.615174862023423,2405,true
camo,0.615159048457032,2406,true
corticium,0.615153349349103,2407,false
constellation,0.615143908875455,2408,true
constantine,0.6151410111869,2409,false
taupe,0.615124101798901,2410,true
icepick,0.61511925088156,2411,false
threadlike,0.615102291107182,2412,true
limestone,0.615101034799311,2413,true
coverall,0.61510031954351,2414,true
supplant,0.615083873271946,2415,true
papillose,0.615078307096858,2416,true
elk,0.615074487786664,2417,true
crocodile,0.615071810190191,2418,true
bonfire,0.615069105037344,2419,true
staminate,0.615057303316272,2420,true
barndoor,0.615051342851084,2421,false
dayboy,0.61505026996735,2422,true
oriole,0.615041269664916,2423,true
juke,0.61503725320767,2424,true
greenskeeper,0.615030563773548,2425,true
coonhound,0.615029784296421,2426,true
resift,0.615029596386586,2427,true
coruscation,0.615024960936605,2428,true
twirler,0.615017469079865,2429,true
corbett,0.615017377435135,2430,false
staffa,0.615016377867246,2431,false
conductive,0.615014232099906,2432,true
impale,0.615003814995972,2433,true
axon,0.615003750919866,2434,true
corpuscular,0.614990170150117,2435,true
soapstone,0.614983870385155,2436,true
caltrop,0.61497347176393,2437,true
crinoline,0.614955791970808,2438,true
cu,0.614955127239232,2439,false
anastomosis,0.614943871039366,2440,true
mangle,0.614936507638486,2441,true
osage,0.614922042035047,2442,false
lugworm,0.614912904197748,2443,true
smoke,0.614906343058697,2444,true
mucilage,0.614903307849367,2445,true
bulbil,0.614896531244803,2446,true
coltan,0.614891996662379,2447,true
bush,0.614891327315053,2448,true
oakum,0.614884628639773,2449,true
handheld,0.614873858522454,2450,true
veggie,0.61487219422294,2451,true
bluetick,0.61486611454881,2452,true
slurry,0.614865119594198,2453,true
handsaw,0.614863689082595,2454,true
chinquapin,0.614862831661527,2455,true
jackrabbit,0.614861071109776,2456,true
angiosperm,0.614857815606487,2457,true
feedbag,0.614848677768919,2458,true
lye,0.614845848968379,2459,true
vapour,0.614844473428201,2460,true
caboose,0.614814336432309,2461,true
iroquois,0.614813754072677,2462,false
soot,0.614811860632199,2463,true
necklike,0.614803708482011,2464,true
wellspring,0.614785552024846,2465,true
cinchona,0.614783571388313,2466,true
ruffle,0.61477091664575,2467,true
convulse,0.614760472149905,2468,true
catbrier,0.61475779922261,2469,true
wigwag,0.614749724991595,2470,true
tuille,0.614746102786744,2471,true
skirret,0.61474207727564,2472,true
plimsoll,0.614727295322854,2473,true
sugarberry,0.61471545696259,2474,true
suspender,0.614706837254365,2475,true
manroot,0.614706309841024,2476,false
tollgate,0.614702380579853,2477,true
graft,0.614700399953113,2478,true
newfangled,0.61469682367464,2479,true
hornwork,0.614695429801945,2480,true
verbena,0.614692545812879,2481,true
standstill,0.61468875408173,2482,true
snowstorm,0.614681638162235,2483,true
gasconade,0.614665985107426,2484,true
nailrod,0.614662417848021,2485,false
bovine,0.614660469212648,2486,true
farmhand,0.614640157690122,2487,true
pentose,0.614636100210912,2488,true
spiracle,0.614634742969528,2489,true
goatherd,0.614630070836565,2490,true
agrestic,0.614626526832585,2491,true
weald,0.61461997032166,2492,true
southerner,0.614619759230561,2493,true
netscape,0.6146157886891,2494,false
seminole,0.614612611325475,2495,false
catchweed,0.614585830519894,2496,true
saccharide,0.614580722835768,2497,true
spire,0.614580397182831,2498,true
phaseolus,0.614580163421071,2499,false
pipework,0.614576316748639,2500,true
